       12.755642
       12.719382
       12.683178
       12.647059
       12.611033
       12.575099
       12.539258
       12.503508
       12.467851
       12.432286
       12.396812
       12.361430
       12.326139
       12.290938
       12.255828
       12.220808
       12.185879
       12.151039
       12.116288
       12.081627
       12.047056
       12.012573
       11.978179
       11.943875
       11.909662
       11.875547
       11.841538
       11.807656
       11.773931
       11.740404
       11.707112
       11.674071
       11.641248
       11.608550
       11.575821
       11.542860
       11.509429
       11.475268
       11.440109
       11.403708
       11.365876
       11.326521
       11.285685
       11.243539
       11.200346
       11.156375
       11.111811
       11.066671
       11.020697
       10.973328
       10.923908
       10.872348
       10.820015
       10.770174
       10.727116
       10.694281
       10.673181
       10.663362
       10.663220
       10.670848
       10.684474
       10.702599
       10.724017
       10.747769
       10.773110
       10.799486
       10.826507
       10.853916
       10.881542
       10.909257
       10.936933
       10.964434
       10.991611
       11.018323
       11.044452
       11.069910
       11.094641
       11.118622
       11.141856
       11.164360
       11.186162
       11.207282
       11.227742
       11.247562
       11.266753
       11.285325
       11.303283
       11.320635
       11.337404
       11.353649
       11.369440
       11.384891
       11.400103
       11.415194
       11.430249
       11.445353
       11.460548
       11.475846
       11.491229
       11.506642
       11.521985
       11.537128
       11.551913
       11.566177
       11.579755
       11.592504
       11.604325
       11.615164
       11.625024
       11.633972
       11.642124
       11.649642
       11.656675
       11.663319
       11.669598
       11.675516
       11.681228
       11.686943
       11.692833
       11.699007
       11.705469
       11.712116
       11.718797
       11.725333
       11.731554
       11.737296
       11.742418
       11.746739
       11.750125
       11.752562
       11.754075
       11.754662
       11.754265
       11.752800
       11.750268
       11.746750
       11.742415
       11.737403
       11.731796
       11.725724
       11.719332
       11.712768
       11.706168
       11.699657
       11.693348
       11.687337
       11.681717
       11.676549
       11.671829
       11.667512
       11.663499
       11.659655
       11.655840
       11.651936
       11.647870
       11.643610
       11.639139
       11.634441
       11.629497
       11.624279
       11.618771
       11.612950
       11.606815
       11.600376
       11.593653
       11.586670
       11.579453
       11.572015
       11.564349
       11.556439
       11.548263
       11.539798
       11.531005
       11.521844
       11.512288
       11.502298
       11.491857
       11.480953
       11.469589
       11.457780
       11.445545
       11.432899
       11.419848
       11.406386
       11.392500
       11.378172
       11.363383
       11.348107
       11.332314
       11.315982
       11.299098
       11.281668
       11.263717
       11.245299
       11.226499
       11.207377
       11.187930
       11.168077
       11.147668
       11.126536
       11.104568
       11.081735
       11.058106
       11.033821
       11.009028
       10.983884
       10.958502
       10.932979
       10.907393
       10.881840
       10.856441
       10.831318
       10.806498
       10.781738
       10.756429
       10.729586
       10.700368
       10.668350
       10.633468
       10.595956
       10.556254
       10.514989
       10.472903
       10.430639
       10.388636
       10.347158
       10.306342
       10.266249
       10.226896
       10.188270
       10.150331
       10.113029
       10.076304
       10.040082
       10.004250
       9.9686647
       9.9331481
       9.8974994
       9.8614882
       9.8248770
       9.7874659
       9.7493278
       9.7107050
       9.6717477
       9.6325288
       9.5931179
       9.5536842
       9.5144069
       9.4754498
       9.4369715
       9.3990961
       9.3618805
       9.3252676
       9.2890707
       9.2529969
       9.2167099
       9.1799268
       9.1424941
       9.1044218
       9.0658539
       9.0270404
       8.9882314
       8.9496416
       8.9114324
       8.8737030
       8.8365076
       8.7998695
       8.7637732
       8.7281622
       8.6929642
       8.6581325
       8.6236737
       8.5896496
       8.5561596
       8.5232729
       8.4909787
       8.4591771
       8.4277712
       8.3967289
       8.3660600
       8.3357689
       8.3057987
       8.2761255
       8.2466929
       8.2174494
       8.1883700
       8.1594872
       8.1308221
       8.1024463
       8.0745408
       8.0473051
       8.0209239
       7.9955607
       7.9713312
       7.9482881
       7.9264253
       7.9056851
       7.8859742
       7.8671611
       7.8490890
       7.8315738
       7.8144041
       7.7973407
       7.7801413
       7.7625955
       7.7445802
       7.7260901
       7.7071894
       7.6878924
       7.6680391
       7.6472075
       7.6248271
       7.6003565
       7.5735920
       7.5449064
       7.5150834
       7.4848361
       7.4548073
       7.4253077
       7.3957608
       7.3651267
       7.3323606
       7.2969345
       7.2593376
       7.2203569
       7.1804210
       7.1395943
       7.0980064
       7.0556818
       7.0124289
       6.9677189
       6.9205917
       6.8700071
       6.8153574
       6.7569176
       6.6956494
       6.6326955
       6.5684119
       6.5030028
       6.4362989
       6.3680406
       6.2979879
       6.2260694
       6.1524250
       6.0773415
       6.0011437
       5.9241954
       5.8468491
       5.7692816
       5.6913587
       5.6127799
       5.5332113
       5.4525482
       5.3710207
       5.2890301
       5.2066775
       5.1224780
       5.0338884
       4.9396510
       4.8404097
       4.7381841
       4.6347919
       4.5301988
       4.4235105
       4.3140792
       4.2017363
       4.0869046
       3.9702101
       3.8525983
       3.7350107
       3.6184358
       3.5039389
       3.3930274
       3.2877563
       3.1890610
       3.0947910
       3.0009449
       2.9044679
       2.8059128
       2.7086148
       2.6142858
       2.5230594
       2.4343316
       2.3479945
       2.2642548
       2.1836137
       2.1065237
       2.0333246
       1.9642147
       1.8992298
       1.8383433
       1.7814511
       1.7284580
       1.6793059
       1.6340885
       1.5934435
       1.5580643
       1.5279928
       1.5017679
       1.4769482
       1.4523392
       1.4289529
       1.4073020
       1.3875386
       1.3697086
       1.3538856
       1.3401375
       1.3284098
       1.3186086
       1.3103970
       1.3017408
       1.2896660
       1.2723128
       1.2516596
       1.2306021
       1.2112434
       1.1936554
       1.1774139
       1.1625415
       1.1491162
       1.1369506
       1.1257512
       1.1152883
       1.1055134
       1.0965060
       1.0883979
       1.0813160
       1.0753670
       1.0706367
       1.0671626
       1.0649563
       1.0640170
       1.0644148
       1.0663121
       1.0696883
       1.0746303
       1.0807213
       1.0869643
       1.0922318
       1.0969403
       1.1026361
       1.1097356
       1.1185723
       1.1292147
       1.1417776
       1.1563090
       1.1727746
       1.1910667
       1.2111048
       1.2326627
       1.2553293
       1.2786623
       1.3026492
       1.3276015
       1.3539217
       1.3818044
       1.4110725
       1.4413641
       1.4723105
       1.5035637
       1.5348770
       1.5660851
       1.5970663
       1.6276878
       1.6577962
       1.6872449
       1.7159470
       1.7438340
       1.7707936
       1.7966944
       1.8212447
       1.8439384
       1.8642072
       1.8816002
       1.8960754
       1.9079250
       1.9176480
       1.9256385
       1.9320892
       1.9370730
       1.9406157
       1.9426804
       1.9431829
       1.9420642
       1.9391679
       1.9339997
       1.9257015
       1.9132606
       1.8961366
       1.8750091
       1.8506854
       1.8230073
       1.7908344
       1.7530794
       1.7111786
       1.6689000
       1.6285534
       1.5901130
       1.5527283
       1.5160498
       1.4804683
       1.4466970
       1.4153510
       1.3860407
       1.3565447
       1.3239061
       1.2887652
       1.2536766
       1.2205049
       1.1897306
       1.1615457
       1.1362103
       1.1136623
       1.0928425
       1.0717889
       1.0494191
       1.0265063
       1.0046684
      0.98501152
      0.96679658
      0.94823657
      0.92795617
      0.90620088
      0.88395982
      0.86255791
      0.84320962
      0.82607346
      0.81068852
      0.79684161
      0.78453475
      0.77387340
      0.76475818
      0.75686710
      0.74986498
      0.74347787
      0.73746204
      0.73158538
      0.72570704
      0.71983378
      0.71403332
      0.70832580
      0.70260553
      0.69632966
      0.68856475
      0.67895891
      0.66817003
      0.65750428
      0.64816850
      0.64074862
      0.63520521
      0.63102771
      0.62750180
      0.62413006
      0.62080585
      0.61773260
      0.61516719
      0.61323912
      0.61197484
      0.61133771
      0.61131128
      0.61187958
      0.61308913
      0.61495099
      0.61737040
      0.62021897
      0.62328446
      0.62659493
      0.63022003
      0.63399406
      0.63787736
      0.64214718
      0.64657740
      0.64968450
      0.65056214
      0.64856669
      0.64577614
      0.64498309
      0.64657093
      0.64962133
      0.65371562
      0.65927074
      0.66666479
      0.67584738
      0.68663478
      0.69885480
      0.71245787
      0.72752104
      0.74402695
      0.76176897
      0.78038634
      0.79945948
      0.81864517
      0.83794537
      0.85748479
      0.87737392
      0.89740010
      0.91700646
      0.93572725
      0.95347649
      0.97045863
      0.98714804
       1.0040061
       1.0215707
       1.0398167
       1.0577330
       1.0748981
       1.0917233
       1.1076179
       1.1207473
       1.1310405
       1.1407269
       1.1518578
       1.1647645
       1.1788392
       1.1934156
       1.2079539
       1.2219037
       1.2343732
       1.2441855
       1.2511790
       1.2562114
       1.2605325
       1.2642994
       1.2664424
       1.2663429
       1.2645297
       1.2621787
       1.2601282
       1.2585119
       1.2560197
       1.2504650
       1.2404392
       1.2266675
       1.2109151
       1.1944891
       1.1781158
       1.1621936
       1.1471189
       1.1330790
       1.1198568
       1.1069702
       1.0941739
       1.0817512
       1.0701191
       1.0596255
       1.0501858
       1.0403227
       1.0273440
       1.0092212
      0.98625787
      0.96035174
      0.93325085
      0.90627413
      0.88109201
      0.85908300
      0.84028197
      0.82356273
      0.80779008
      0.79281145
      0.77868933
      0.76477524
      0.74983957
      0.73367599
      0.71727704
      0.70148735
      0.68668164
      0.67309277
      0.66095577
      0.65039625
      0.64130962
      0.63349954
      0.62680069
      0.62114349
      0.61645243
      0.61248871
      0.60888214
      0.60526077
      0.60158492
      0.59802507
      0.59491693
      0.59263198
      0.59155914
      0.59179112
      0.59195535
      0.58992738
      0.58483473
      0.57815729
      0.57227080
      0.56818236
      0.56517048
      0.56214803
      0.55876197
      0.55518633
      0.55174566
      0.54863150
      0.54585134
      0.54337041
      0.54119760
      0.53938302
      0.53789275
      0.53647701
      0.53473998
      0.53245778
      0.52974224
      0.52720594
      0.52501396
      0.52214778
      0.51751051
      0.51129057
      0.50460900
      0.49804380
      0.49244516
      0.48942589
      0.48790282
      0.48494988
      0.48048373
      0.47586431
      0.47139017
      0.46652989
      0.46121390
      0.45586605
      0.45123020
      0.44736081
      0.44394001
      0.44077957
      0.43802800
      0.43582292
      0.43429443
      0.43361855
      0.43384248
      0.43481491
      0.43637322
      0.43856181
      0.44129282
      0.44376410
      0.44533699
      0.44530507
      0.44426383
      0.44379255
      0.44419110
      0.44477478
      0.44488074
      0.44464392
      0.44498334
      0.44651282
      0.44943664
      0.45372005
      0.45922001
      0.46570145
      0.47293233
      0.48072996
      0.48895060
      0.49753245
      0.50650637
      0.51586813
      0.52530265
      0.53398523
      0.54136165
      0.54824613
      0.55632218
      0.56602042
      0.57537086
      0.58245371
      0.58693568
      0.59072460
      0.59556350
      0.60179162
      0.60898283
      0.61673161
      0.62483365
      0.63312053
      0.64153894
      0.65008505
      0.65862468
      0.66698468
      0.67514304
      0.68318966
      0.69129366
      0.69950859
      0.70781662
      0.71615997
      0.72430746
      0.73163002
      0.73743161
      0.74159054
      0.74469072
      0.74775836
      0.75157664
      0.75622542
      0.76112582
      0.76553256
      0.76885523
      0.77087629
      0.77224931
      0.77404434
      0.77678315
      0.78001572
      0.78267710
      0.78366265
      0.78259786
      0.77991825
      0.77706078
      0.77502154
      0.77335718
      0.77029549
      0.76330431
      0.75163808
      0.73774194
      0.72503353
      0.71541333
      0.70871909
      0.70386983
      0.69993536
      0.69636194
      0.69284673
      0.68921783
      0.68534246
      0.68111585
      0.67645881
      0.67144612
      0.66639199
      0.66163057
      0.65729351
      0.65334751
      0.64965246
      0.64595490
      0.64195037
      0.63741627
      0.63234890
      0.62704722
      0.62195800
      0.61717266
      0.61232339
      0.60697455
      0.60087427
      0.59389835
      0.58610839
      0.57808112
      0.57074973
      0.56429693
      0.55742640
      0.54894257
      0.53948446
      0.53109696
      0.52477786
      0.52006011
      0.51588506
      0.51154050
      0.50686037
      0.50196575
      0.49701857
      0.49211655
      0.48729381
      0.48257080
      0.47794251
      0.47327437
      0.46830150
      0.46286736
      0.45716655
      0.45177949
      0.44709247
      0.44307188
      0.43949538
      0.43616265
      0.43293181
      0.42974550
      0.42666535
      0.42380645
      0.42113069
      0.41841026
      0.41541601
      0.41176483
      0.40659487
      0.39934377
      0.39082025
      0.38247204
      0.37511142
      0.36877583
      0.36309949
      0.35761395
      0.35189447
      0.34568336
      0.33915023
      0.33274365
      0.32676821
      0.32127178
      0.31618638
      0.31149706
      0.30723526
      0.30336729
      0.29972138
      0.29605449
      0.29220707
      0.28820712
      0.28425286
      0.28055327
      0.27720190
      0.27418574
      0.27134411
      0.26834810
      0.26483878
      0.26093112
      0.25697973
      0.25323679
      0.24975160
      0.24642550
      0.24319150
      0.24003929
      0.23696393
      0.23391783
      0.23090335
      0.22800680
      0.22529206
      0.22275835
      0.22038120
      0.21811756
      0.21592891
      0.21377947
      0.21168112
      0.20968629
      0.20777698
      0.20595625
      0.20437044
      0.20296962
      0.20138080
      0.19958295
      0.19782663
      0.19561710
      0.19214346
      0.18758129
      0.18284144
      0.17862120
      0.17510733
      0.17218037
      0.16969600
      0.16749725
      0.16542960
      0.16339825
      0.16139947
      0.15944192
      0.15744865
      0.15526133
      0.15280334
      0.15020597
      0.14772240
      0.14555439
      0.14373262
      0.14212022
      0.14042470
      0.13852962
      0.13652952
      0.13454622
      0.13255842
      0.13041764
      0.12807623
      0.12573611
      0.12364568
      0.12188140
      0.12035511
      0.11895163
      0.11760624
      0.11630626
      0.11505850
      0.11385553
      0.11266588
      0.11144920
      0.11017709
      0.10884497
      0.10749208
      0.10620850
      0.10503330
      0.10382997
      0.10239622
      0.10071980
     0.099006727
     0.097455096
     0.096098062
     0.094863513
     0.093704281
     0.092630360
     0.091625391
     0.090616030
     0.089540574
     0.088387721
     0.087170435
     0.085924595
     0.084693070
     0.083509172
     0.082362500
     0.081178330
     0.079856940
     0.078349519
     0.076682637
     0.074994673
     0.073507011
     0.072328746
     0.071406192
     0.070618179
     0.069881052
     0.069173541
     0.068509646
     0.067889005
     0.067278508
     0.066636384
     0.065939073
     0.065186359
     0.064388353
     0.063553123
     0.062687739
     0.061809581
     0.060940763
     0.060094635
     0.059271477
     0.058465562
     0.057671759
     0.056887325
     0.056111421
     0.055344092
     0.054585403
     0.053835117
     0.053092752
     0.052357613
     0.051628468
     0.050902650
