       12.755656
       12.719385
       12.683178
       12.647059
       12.611033
       12.575099
       12.539258
       12.503508
       12.467851
       12.432286
       12.396812
       12.361430
       12.326139
       12.290938
       12.255828
       12.220808
       12.185879
       12.151039
       12.116288
       12.081628
       12.047056
       12.012573
       11.978180
       11.943878
       11.909669
       11.875558
       11.841554
       11.807674
       11.773945
       11.740409
       11.707125
       11.674167
       11.641619
       11.609553
       11.578002
       11.546921
       11.516152
       11.485407
       11.454282
       11.422301
       11.388989
       11.353947
       11.316900
       11.277708
       11.236343
       11.192835
       11.147238
       11.099584
       11.049886
       10.998204
       10.944881
       10.890895
       10.838185
       10.789548
       10.747834
       10.714807
       10.690985
       10.675842
       10.668225
       10.666793
       10.670247
       10.677383
       10.687185
       10.698805
       10.711533
       10.724802
       10.738175
       10.751331
       10.764079
       10.776343
       10.788141
       10.799551
       10.810710
       10.821791
       10.832983
       10.844451
       10.856316
       10.868638
       10.881420
       10.894611
       10.908108
       10.921752
       10.935345
       10.948661
       10.961476
       10.973586
       10.984834
       10.995117
       11.004400
       11.012694
       11.020057
       11.026571
       11.032340
       11.037490
       11.042161
       11.046482
       11.050564
       11.054486
       11.058277
       11.061944
       11.065456
       11.068773
       11.071821
       11.074505
       11.076725
       11.078381
       11.079384
       11.079662
       11.079184
       11.077937
       11.075931
       11.073216
       11.069868
       11.065972
       11.061630
       11.056940
       11.051987
       11.046840
       11.041556
       11.036178
       11.030735
       11.025233
       11.019660
       11.013994
       11.008200
       11.002239
       10.996084
       10.989704
       10.983093
       10.976248
       10.969175
       10.961883
       10.954376
       10.946655
       10.938715
       10.930553
       10.922166
       10.913559
       10.904739
       10.895698
       10.886450
       10.877000
       10.867351
       10.857502
       10.847449
       10.837189
       10.826717
       10.816023
       10.805090
       10.793891
       10.782391
       10.770545
       10.758307
       10.745634
       10.732491
       10.718854
       10.704705
       10.690043
       10.674876
       10.659218
       10.643084
       10.626493
       10.609465
       10.592017
       10.574166
       10.555933
       10.537342
       10.518417
       10.499179
       10.479644
       10.459817
       10.439697
       10.419277
       10.398536
       10.377455
       10.356010
       10.334179
       10.311939
       10.289282
       10.266202
       10.242704
       10.218800
       10.194501
       10.169804
       10.144681
       10.119080
       10.092944
       10.066230
       10.038923
       10.011030
       9.9825963
       9.9536997
       9.9244151
       9.8948057
       9.8649234
       9.8348005
       9.8044507
       9.7738820
       9.7431013
       9.7121071
       9.6808905
       9.6494398
       9.6177338
       9.5857459
       9.5534363
       9.5207589
       9.4876406
       9.4539857
       9.4196823
       9.3846029
       9.3486773
       9.3116928
       9.2734964
       9.2341239
       9.1936283
       9.1520829
       9.1096236
       9.0664217
       9.0226538
       8.9784933
       8.9341096
       8.8896546
       8.8452871
       8.8011603
       8.7574187
       8.7141889
       8.6715637
       8.6295995
       8.5883235
       8.5477445
       8.5078672
       8.4686968
       8.4302327
       8.3924370
       8.3551710
       8.3181643
       8.2810829
       8.2436268
       8.2056479
       8.1671719
       8.1283471
       8.0893507
       8.0503298
       8.0113673
       7.9724946
       7.9337104
       7.8949965
       7.8563272
       7.8176728
       7.7790062
       7.7403022
       7.7015245
       7.6626483
       7.6236619
       7.5845344
       7.5452593
       7.5058227
       7.4662106
       7.4264163
       7.3864377
       7.3462720
       7.3059174
       7.2653841
       7.2246819
       7.1838253
       7.1428430
       7.1017581
       7.0605965
       7.0194008
       6.9782119
       6.9370581
       6.8959907
       6.8550504
       6.8142819
       6.7737365
       6.7334808
       6.6935922
       6.6541631
       6.6152801
       6.5770119
       6.5394333
       6.5026078
       6.4665888
       6.4314158
       6.3971110
       6.3636686
       6.3310500
       6.2991803
       6.2679342
       6.2371345
       6.2065622
       6.1760136
       6.1453705
       6.1146171
       6.0838521
       6.0531822
       6.0226954
       5.9924411
       5.9624738
       5.9329090
       5.9038673
       5.8754447
       5.8475836
       5.8202276
       5.7931950
       5.7660643
       5.7383840
       5.7096777
       5.6795865
       5.6479793
       5.6148316
       5.5802660
       5.5444434
       5.5075804
       5.4700470
       5.4323262
       5.3948686
       5.3579896
       5.3218538
       5.2864167
       5.2514811
       5.2167962
       5.1821023
       5.1472289
       5.1121177
       5.0768776
       5.0416503
       5.0061214
       4.9696515
       4.9307580
       4.8878211
       4.8402504
       4.7898085
       4.7389347
       4.6885026
       4.6388254
       4.5894826
       4.5399940
       4.4899785
       4.4392095
       4.3876359
       4.3352667
       4.2820933
       4.2280803
       4.1731503
       4.1172180
       4.0602045
       4.0020281
       3.9426474
       3.8820525
       3.8202306
       3.7572399
       3.6931436
       3.6280504
       3.5620615
       3.4951921
       3.4272552
       3.3579382
       3.2869444
       3.2142286
       3.1401783
       3.0655141
       2.9909710
       2.9166970
       2.8415607
       2.7637995
       2.6823968
       2.5986109
       2.5154280
       2.4347864
       2.3571869
       2.2833086
       2.2142699
       2.1494771
       2.0856817
       2.0184704
       1.9462073
       1.8718086
       1.7990653
       1.7297478
       1.6635117
       1.5996001
       1.5376187
       1.4777049
       1.4201162
       1.3650614
       1.3126785
       1.2629951
       1.2160097
       1.1717124
       1.1301285
       1.0912786
       1.0551754
       1.0217901
      0.99105279
      0.96290855
      0.93723216
      0.91394757
      0.89298430
      0.87466211
      0.85972239
      0.84868599
      0.84116314
      0.83492083
      0.82785158
      0.81984496
      0.81222289
      0.80509446
      0.79814780
      0.79112620
      0.78416113
      0.77738265
      0.77058097
      0.76303109
      0.75409159
      0.74427780
      0.73478721
      0.72641139
      0.71903881
      0.71234343
      0.70624328
      0.70064285
      0.69541366
      0.69045002
      0.68563876
      0.68089133
      0.67623973
      0.67185068
      0.66789947
      0.66448648
      0.66160783
      0.65921151
      0.65722375
      0.65554362
      0.65410089
      0.65288814
      0.65199277
      0.65151744
      0.65159015
      0.65231831
      0.65373503
      0.65582287
      0.65865441
      0.66233409
      0.66696348
      0.67264319
      0.67946240
      0.68747251
      0.69667776
      0.70703710
      0.71848090
      0.73092100
      0.74425096
      0.75838776
      0.77328191
      0.78893281
      0.80530388
      0.82230071
      0.83980878
      0.85759999
      0.87548313
      0.89326811
      0.91088192
      0.92825272
      0.94525213
      0.96169661
      0.97738228
      0.99217365
       1.0060967
       1.0192703
       1.0318086
       1.0435956
       1.0542985
       1.0637734
       1.0720798
       1.0794112
       1.0859367
       1.0916376
       1.0964809
       1.1004304
       1.1034678
       1.1055482
       1.1065027
       1.1060715
       1.1042532
       1.1014682
       1.0978932
       1.0926778
       1.0842493
       1.0711805
       1.0532319
       1.0318435
       1.0088620
      0.98540729
      0.96191100
      0.93855970
      0.91555298
      0.89303423
      0.87103669
      0.84950312
      0.82835518
      0.80756206
      0.78716168
      0.76727601
      0.74803090
      0.72946635
      0.71151289
      0.69404766
      0.67695459
      0.66017583
      0.64370995
      0.62755426
      0.61170672
      0.59620889
      0.58115674
      0.56669526
      0.55297556
      0.54006341
      0.52791646
      0.51642148
      0.50548123
      0.49506303
      0.48519139
      0.47590553
      0.46721032
      0.45904801
      0.45136391
      0.44403618
      0.43689555
      0.42978683
      0.42274210
      0.41613415
      0.41030284
      0.40539351
      0.40137843
      0.39815389
      0.39562379
      0.39369684
      0.39230074
      0.39137780
      0.39088761
      0.39078432
      0.39095283
      0.39116557
      0.39104717
      0.39012732
      0.38829097
      0.38578272
      0.38269898
      0.37890233
      0.37414726
      0.36842221
      0.36220909
      0.35603373
      0.34970345
      0.34301302
      0.33638446
      0.33073406
      0.32647131
      0.32349191
      0.32148407
      0.32019652
      0.31950473
      0.31935087
      0.31968442
      0.32045706
      0.32165894
      0.32336796
      0.32571933
      0.32846636
      0.33077439
      0.33216544
      0.33285685
      0.33373676
      0.33541854
      0.33774228
      0.34039994
      0.34341633
      0.34692624
      0.35097279
      0.35559923
      0.36084868
      0.36679506
      0.37350387
      0.38102736
      0.38942232
      0.39870403
      0.40884592
      0.41979213
      0.43152019
      0.44395896
      0.45691485
      0.47008797
      0.48315178
      0.49597683
      0.50858881
      0.52081122
      0.53234269
      0.54287691
      0.55251116
      0.56158140
      0.57036305
      0.57905742
      0.58783287
      0.59695232
      0.60653361
      0.61658853
      0.62701661
      0.63745105
      0.64763154
      0.65745362
      0.66701476
      0.67618007
      0.68477480
      0.69247020
      0.69859041
      0.70274315
      0.70456172
      0.70464989
      0.70410522
      0.70383051
      0.70428670
      0.70535325
      0.70626550
      0.70604287
      0.70413345
      0.70042109
      0.69499343
      0.68799120
      0.67963111
      0.67026122
      0.66060947
      0.65153730
      0.64342591
      0.63608941
      0.62912552
      0.62226135
      0.61542674
      0.60859080
      0.60164532
      0.59456004
      0.58750678
      0.58069776
      0.57400974
      0.56702429
      0.55964887
      0.55240482
      0.54538182
      0.53639195
      0.52321106
      0.50738783
      0.49180183
      0.47812191
      0.46656152
      0.45656539
      0.44762688
      0.43953900
      0.43218914
      0.42547209
      0.41925052
      0.41347433
      0.40824156
      0.40312677
      0.39711898
      0.39019459
      0.38343657
      0.37786238
      0.37369208
      0.37063137
      0.36831152
      0.36644223
      0.36483486
      0.36326878
      0.36133425
      0.35884069
      0.35595510
      0.35278583
      0.34908863
      0.34475624
      0.34031602
      0.33641374
      0.33335806
      0.33112187
      0.32951750
      0.32831968
      0.32736444
      0.32659572
      0.32596109
      0.32539291
      0.32501051
      0.32491674
      0.32466958
      0.32415295
      0.32408274
      0.32391771
      0.32271247
      0.32095908
      0.31968200
      0.31946385
      0.32027835
      0.32144929
      0.32193981
      0.32107786
      0.31930750
      0.31756953
      0.31628120
      0.31531171
      0.31445803
      0.31356455
      0.31251161
      0.31138672
      0.31034206
      0.30904991
      0.30704926
      0.30455510
      0.30206130
      0.29965519
      0.29725105
      0.29515643
      0.29395218
      0.29355795
      0.29311719
      0.29230551
      0.29208962
      0.29302419
      0.29381816
      0.29325902
      0.29226010
      0.29177447
      0.29158066
      0.29083317
      0.28930035
      0.28807965
      0.28799889
      0.28908814
      0.29103194
      0.29359247
      0.29665517
      0.30010671
      0.30387390
      0.30791208
      0.31223300
      0.31690015
      0.32212746
      0.32799780
      0.33452633
      0.34176612
      0.34979944
      0.35862713
      0.36797936
      0.37761694
      0.38738599
      0.39674174
      0.40473736
      0.41094384
      0.41594916
      0.42113656
      0.42769901
      0.43578820
      0.44494169
      0.45472320
      0.46489039
      0.47528803
      0.48576445
      0.49618383
      0.50651540
      0.51686813
      0.52744703
      0.53841008
      0.54966044
      0.56079350
      0.57078923
      0.57883799
      0.58501253
      0.59001164
      0.59459934
      0.59890242
      0.60268309
      0.60584022
      0.60869683
      0.61165091
      0.61497483
      0.61874962
      0.62288364
      0.62714470
      0.63116521
      0.63468765
      0.63778979
      0.64075582
      0.64381022
      0.64698633
      0.65012678
      0.65300709
      0.65548801
      0.65761723
      0.65962238
      0.66168534
      0.66373172
      0.66544509
      0.66657000
      0.66691858
      0.66649123
      0.66542525
      0.66416611
      0.66310460
      0.66244930
      0.66229615
      0.66272254
      0.66367803
      0.66485869
      0.66574194
      0.66595009
      0.66535318
      0.66399711
      0.66181298
      0.65872181
      0.65514549
      0.65207509
      0.64985754
      0.64705890
      0.64181522
      0.63437806
      0.62692660
      0.62118015
      0.61736487
      0.61483053
      0.61288055
      0.61110220
      0.60929797
      0.60741996
      0.60548321
      0.60345947
      0.60127483
      0.59888223
      0.59631573
      0.59369523
      0.59118963
      0.58892671
      0.58691273
      0.58505992
      0.58331116
      0.58171638
      0.58035492
      0.57915810
      0.57784080
      0.57617292
      0.57410511
      0.57160892
      0.56849739
      0.56441437
      0.55920115
      0.55295042
      0.54599184
      0.53879735
      0.53172290
      0.52492210
      0.51834232
      0.51183679
      0.50537447
      0.49912183
      0.49329690
      0.48796353
      0.48298608
      0.47811815
      0.47319877
      0.46831956
      0.46375659
      0.45968408
      0.45597012
      0.45226268
      0.44827365
      0.44395056
      0.43940721
      0.43475395
      0.43006898
      0.42545859
      0.42109140
      0.41705526
      0.41320629
      0.40911872
      0.40445044
      0.39933240
      0.39411379
      0.38906628
      0.38431524
      0.37996720
      0.37607910
      0.37249797
      0.36891165
      0.36504414
      0.36073073
      0.35589564
      0.35070073
      0.34554187
      0.34072283
      0.33631659
      0.33228450
      0.32858622
      0.32520112
      0.32207813
      0.31912813
      0.31625313
      0.31335165
      0.31032422
      0.30709904
      0.30368563
      0.30018478
      0.29678151
      0.29365767
      0.29087437
      0.28827381
      0.28563213
      0.28289378
      0.28002055
      0.27667551
      0.27246239
      0.26749719
      0.26233187
      0.25750009
      0.25320698
      0.24932315
      0.24559655
      0.24189296
      0.23824551
      0.23462714
      0.23085140
      0.22677988
      0.22257074
      0.21852749
      0.21487085
      0.21166559
      0.20885546
      0.20632477
      0.20394497
      0.20156067
      0.19901162
      0.19619065
      0.19309215
      0.18979137
      0.18641184
      0.18308736
      0.17989509
      0.17684051
      0.17389905
      0.17106082
      0.16832722
      0.16569823
      0.16316325
      0.16070413
      0.15831371
      0.15600335
      0.15379927
      0.15170246
      0.14967081
      0.14766790
      0.14562597
      0.14347541
      0.14129401
      0.13920287
      0.13708818
      0.13475149
      0.13218600
      0.12955545
      0.12702885
      0.12469688
      0.12258184
      0.12068389
      0.11897987
      0.11742247
      0.11594670
      0.11446468
      0.11284870
      0.11094942
      0.10872315
      0.10626290
      0.10372495
      0.10118973
     0.098715321
     0.096388871
     0.094289728
     0.092437323
     0.090779115
     0.089230849
     0.087732064
     0.086256587
     0.084797165
     0.083351309
     0.081932374
     0.080574612
     0.079313474
     0.078178287
     0.077164799
     0.076242523
     0.075403797
     0.074630854
     0.073868990
     0.073085416
     0.072292206
     0.071481233
     0.070621315
     0.069710639
     0.068785318
     0.067883198
     0.067015569
     0.066174055
     0.065345793
     0.064519486
     0.063684107
     0.062831516
     0.061962259
     0.061087438
     0.060219884
     0.059366577
     0.058529303
     0.057708609
     0.056905084
     0.056118165
     0.055345728
     0.054585182
     0.053834451
     0.053092138
     0.052357170
     0.051628178
     0.050902446
