       12.755605
       12.719375
       12.683176
       12.647059
       12.611033
       12.575099
       12.539258
       12.503508
       12.467851
       12.432286
       12.396812
       12.361430
       12.326139
       12.290938
       12.255828
       12.220808
       12.185879
       12.151039
       12.116288
       12.081627
       12.047056
       12.012573
       11.978179
       11.943874
       11.909659
       11.875536
       11.841509
       11.807585
       11.773779
       11.740112
       11.706617
       11.673341
       11.640340
       11.607670
       11.575370
       11.543434
       11.511783
       11.480247
       11.448565
       11.416415
       11.383455
       11.349382
       11.313962
       11.277024
       11.238415
       11.197921
       11.155153
       11.109437
       11.059700
       11.004517
       10.942515
       10.873258
       10.798332
       10.721885
       10.649747
       10.587328
       10.537993
       10.502625
       10.480170
       10.468515
       10.465214
       10.467980
       10.474890
       10.484475
       10.495679
       10.507779
       10.520274
       10.532808
       10.545109
       10.556958
       10.568198
       10.578735
       10.588563
       10.597765
       10.606511
       10.615028
       10.623575
       10.632346
       10.641342
       10.650473
       10.659772
       10.669296
       10.679035
       10.688825
       10.698513
       10.707947
       10.716911
       10.725209
       10.732707
       10.739335
       10.745117
       10.750118
       10.754437
       10.758166
       10.761387
       10.764165
       10.766547
       10.768556
       10.770197
       10.771446
       10.772283
       10.772689
       10.772693
       10.772343
       10.771710
       10.770866
       10.769870
       10.768767
       10.767607
       10.766435
       10.765286
       10.764181
       10.763120
       10.762090
       10.761076
       10.760064
       10.759031
       10.757922
       10.756591
       10.754833
       10.752432
       10.749217
       10.745125
       10.740172
       10.734441
       10.728036
       10.721071
       10.713675
       10.705971
       10.698075
       10.690090
       10.682089
       10.674116
       10.666192
       10.658317
       10.650492
       10.642719
       10.635001
       10.627348
       10.619754
       10.612177
       10.604521
       10.596662
       10.588475
       10.579876
       10.570845
       10.561426
       10.551701
       10.541780
       10.531773
       10.521776
       10.511866
       10.502105
       10.492553
       10.483211
       10.474062
       10.465075
       10.456212
       10.447425
       10.438655
       10.429856
       10.420995
       10.412050
       10.403027
       10.393961
       10.384911
       10.375958
       10.367197
       10.358729
       10.350647
       10.343000
       10.335771
       10.328876
       10.322202
       10.315670
       10.309170
       10.302546
       10.295725
       10.288699
       10.281388
       10.273714
       10.265639
       10.257181
       10.248416
       10.239522
       10.230717
       10.222165
       10.213921
       10.205973
       10.198130
       10.189966
       10.180792
       10.169815
       10.156417
       10.140349
       10.121671
       10.100741
       10.078291
       10.054930
       10.030997
       10.006823
       9.9826995
       9.9588022
       9.9352536
       9.9121321
       9.8894679
       9.8672563
       9.8454629
       9.8240411
       9.8029574
       9.7822221
       9.7618781
       9.7419575
       9.7224482
       9.7032710
       9.6842755
       9.6652615
       9.6460166
       9.6263593
       9.6061798
       9.5854545
       9.5642121
       9.5425539
       9.5205759
       9.4983540
       9.4759487
       9.4534122
       9.4308057
       9.4081815
       9.3855813
       9.3629701
       9.3402422
       9.3172463
       9.2938528
       9.2699949
       9.2456790
       9.2209627
       9.1958885
       9.1704410
       9.1445190
       9.1180032
       9.0907402
       9.0625124
       9.0331192
       9.0023808
       8.9702432
       8.9367825
       8.9022015
       8.8668446
       8.8312972
       8.7964619
       8.7633612
       8.7325187
       8.7033297
       8.6744509
       8.6456834
       8.6165140
       8.5868612
       8.5568075
       8.5263499
       8.4956954
       8.4650006
       8.4343381
       8.4037683
       8.3733357
       8.3430534
       8.3129457
       8.2830764
       8.2535226
       8.2243684
       8.1956948
       8.1675679
       8.1400434
       8.1131723
       8.0869983
       8.0615658
       8.0369215
       8.0131167
       7.9902118
       7.9682849
       7.9474397
       7.9278168
       7.9095908
       7.8929296
       7.8779041
       7.8643996
       7.8521138
       7.8406988
       7.8299199
       7.8197329
       7.8102301
       7.8015289
       7.7936883
       7.7866893
       7.7804233
       7.7747140
       7.7693536
       7.7641229
       7.7588220
       7.7532756
       7.7473370
       7.7409262
       7.7340299
       7.7265887
       7.7184865
       7.7096011
       7.6998555
       7.6892142
       7.6776894
       7.6653740
       7.6524299
       7.6390435
       7.6252022
       7.6105771
       7.5945101
       7.5763018
       7.5558043
       7.5337366
       7.5115852
       7.4902448
       7.4697758
       7.4500124
       7.4307239
       7.4117702
       7.3928808
       7.3737658
       7.3540907
       7.3334945
       7.3116114
       7.2880418
       7.2623108
       7.2338756
       7.2022668
       7.1672653
       7.1289431
       7.0874843
       7.0429996
       6.9954876
       6.9448888
       6.8911695
       6.8343783
       6.7746786
       6.7123221
       6.6475463
       6.5805633
       6.5114972
       6.4404222
       6.3673854
       6.2924121
       6.2155223
       6.1367289
       6.0560410
       5.9734655
       5.8889999
       5.8028129
       5.7151184
       5.6267609
       5.5393001
       5.4545124
       5.3734787
       5.2939613
       5.2098057
       5.1144203
       5.0066875
       4.8909989
       4.7716008
       4.6508441
       4.5295431
       4.4072589
       4.2836219
       4.1588552
       4.0334172
       3.9077839
       3.7823022
       3.6570909
       3.5324427
       3.4090788
       3.2877454
       3.1692816
       3.0546893
       2.9448166
       2.8398734
       2.7392697
       2.6413550
       2.5439497
       2.4468006
       2.3514790
       2.2606065
       2.1763312
       2.0991546
       2.0284176
       1.9637615
       1.9051801
       1.8525358
       1.8053265
       1.7627811
       1.7241717
       1.6889961
       1.6570031
       1.6281656
       1.6025159
       1.5798948
       1.5602171
       1.5432346
       1.5286905
       1.5162106
       1.5054577
       1.4959928
       1.4872733
       1.4787535
       1.4701258
       1.4614049
       1.4529395
       1.4451958
       1.4389747
       1.4348808
       1.4324313
       1.4297955
       1.4249504
       1.4181383
       1.4106605
       1.4031159
       1.3955968
       1.3881712
       1.3808483
       1.3736833
       1.3667877
       1.3603290
       1.3544839
       1.3494015
       1.3452093
       1.3421119
       1.3404175
       1.3403456
       1.3419367
       1.3451169
       1.3498082
       1.3560252
       1.3639382
       1.3737795
       1.3858092
       1.4003913
       1.4178773
       1.4383270
       1.4615524
       1.4871379
       1.5147368
       1.5439614
       1.5743713
       1.6057737
       1.6379950
       1.6708678
       1.7044617
       1.7386659
       1.7735853
       1.8093695
       1.8464504
       1.8850314
       1.9251097
       1.9662623
       2.0081870
       2.0505614
       2.0931022
       2.1352408
       2.1763771
       2.2157750
       2.2526781
       2.2866072
       2.3170846
       2.3439125
       2.3673109
       2.3876413
       2.4052880
       2.4204797
       2.4333331
       2.4439562
       2.4524529
       2.4588578
       2.4631635
       2.4652951
       2.4651910
       2.4627022
       2.4576496
       2.4498477
       2.4390786
       2.4253180
       2.4086953
       2.3895171
       2.3681664
       2.3450412
       2.3203855
       2.2942583
       2.2666608
       2.2374822
       2.2066798
       2.1742417
       2.1398275
       2.1032772
       2.0648970
       2.0253528
       1.9854199
       1.9448567
       1.8995524
       1.8439375
       1.7779380
       1.7079254
       1.6407205
       1.5796087
       1.5242630
       1.4732402
       1.4255428
       1.3806936
       1.3385777
       1.2992871
       1.2628235
       1.2290889
       1.1978828
       1.1691292
       1.1429521
       1.1195537
       1.0990600
       1.0814728
       1.0666387
       1.0542941
       1.0441948
       1.0360946
       1.0298736
       1.0254092
       1.0226159
       1.0210602
       1.0196328
       1.0169993
       1.0121565
       1.0045141
      0.99442381
      0.98282501
      0.97080855
      0.95941504
      0.94963727
      0.94184383
      0.93580588
      0.93131321
      0.92811855
      0.92577188
      0.92373482
      0.92185490
      0.91972429
      0.91699438
      0.91333070
      0.90871854
      0.90335286
      0.89716035
      0.88987456
      0.88133675
      0.87215574
      0.86341141
      0.85586379
      0.84973973
      0.84475859
      0.84048700
      0.83660809
      0.83285869
      0.82921084
      0.82586771
      0.82297500
      0.82063892
      0.81893830
      0.81799360
      0.81794384
      0.81878403
      0.82035383
      0.82250496
      0.82518532
      0.82835934
      0.83206046
      0.83642771
      0.84155732
      0.84751460
      0.85464186
      0.86282392
      0.87184665
      0.88212528
      0.89435614
      0.90749412
      0.91976394
      0.93160105
      0.94551134
      0.96290617
      0.98289907
       1.0042078
       1.0263666
       1.0498230
       1.0750253
       1.1020388
       1.1306157
       1.1603522
       1.1908346
       1.2215642
       1.2516322
       1.2796865
       1.3044993
       1.3258053
       1.3445089
       1.3629757
       1.3831299
       1.4055469
       1.4293831
       1.4538347
       1.4788483
       1.5036252
       1.5264338
       1.5462483
       1.5640335
       1.5813504
       1.5990879
       1.6175393
       1.6355118
       1.6516834
       1.6636095
       1.6682129
       1.6640665
       1.6530769
       1.6399981
       1.6293223
       1.6221298
       1.6169175
       1.6118360
       1.6054754
       1.5971877
       1.5867719
       1.5746062
       1.5615097
       1.5481583
       1.5345681
       1.5201715
       1.5048033
       1.4887778
       1.4712215
       1.4486257
       1.4168743
       1.3777287
       1.3384426
       1.3040947
       1.2749537
       1.2490655
       1.2244780
       1.2000046
       1.1752759
       1.1505240
       1.1263868
       1.1036674
       1.0829674
       1.0644160
       1.0473212
       1.0305652
       1.0131439
      0.99521265
      0.97752936
      0.96141292
      0.94807904
      0.93740180
      0.92786872
      0.91777076
      0.90566350
      0.89024079
      0.87192882
      0.85263333
      0.83504123
      0.82024818
      0.80784757
      0.79719265
      0.78833988
      0.78165791
      0.77728012
      0.77460508
      0.77195010
      0.76772090
      0.76143123
      0.75390759
      0.74700371
      0.74227760
      0.73961105
      0.73607712
      0.72910852
      0.71929998
      0.70986809
      0.70402156
      0.70238619
      0.70351697
      0.70459285
      0.70355113
      0.69961947
      0.69402503
      0.68883772
      0.68439732
      0.68085257
      0.68017177
      0.67962259
      0.67501768
      0.66563278
      0.65222588
      0.63917021
      0.62941428
      0.62295834
      0.61853424
      0.61490250
      0.61153479
      0.60833020
      0.60530326
      0.60247076
      0.59984703
      0.59751236
      0.59549707
      0.59376997
      0.59229389
      0.59120645
      0.59074580
      0.59049277
      0.58938072
      0.58607492
      0.58026498
      0.57285197
      0.56487060
      0.55699431
      0.54984254
      0.54373474
      0.53856963
      0.53404797
      0.52982252
      0.52569035
      0.52182270
      0.51876089
      0.51674279
      0.51484051
      0.51172475
      0.50695313
      0.50142942
      0.49635650
      0.49238985
      0.48967248
      0.48812225
      0.48765591
      0.48819811
      0.48973978
      0.49237106
      0.49613090
      0.50052900
      0.50448727
      0.50733452
      0.50950032
      0.51227480
      0.51630779
      0.52168061
      0.52820516
      0.53491877
      0.54018683
      0.54334969
      0.54572014
      0.54952921
      0.55571369
      0.56335363
      0.57133821
      0.57927469
      0.58743621
      0.59597427
      0.60479764
      0.61374246
      0.62272227
      0.63163635
      0.64033891
      0.64854359
      0.65582175
      0.66188753
      0.66693786
      0.67161260
      0.67667439
      0.68253427
      0.68904075
      0.69577022
      0.70236150
      0.70875434
      0.71528691
      0.72251782
      0.73034563
      0.73734373
      0.74190085
      0.74291958
      0.74135896
      0.73899601
      0.73720634
      0.73658301
      0.73693385
      0.73762173
      0.73833755
      0.73879434
      0.73849558
      0.73710759
      0.73429883
      0.72967064
      0.72286658
      0.71498539
      0.70757114
      0.70139168
      0.69645682
      0.69235899
      0.68849275
      0.68421469
      0.67923410
      0.67383965
      0.66875991
      0.66467718
      0.66163307
      0.65916965
      0.65676742
      0.65407478
      0.65096622
      0.64746978
      0.64364953
      0.63952120
      0.63509726
      0.63048004
      0.62582952
      0.62122148
      0.61663924
      0.61209734
      0.60779024
      0.60399731
      0.60064033
      0.59719068
      0.59356234
      0.59068106
      0.58903950
      0.58688024
      0.58164693
      0.57327129
      0.56364621
      0.55343245
      0.54164313
      0.52781870
      0.51323636
      0.49982223
      0.48857852
      0.47961423
      0.47245745
      0.46638999
      0.46077802
      0.45526481
      0.44980263
      0.44444776
      0.43919266
      0.43400400
      0.42891273
      0.42394639
      0.41908057
      0.41435988
      0.40988507
      0.40556762
      0.40108367
      0.39619530
      0.39097936
      0.38563112
      0.38015712
      0.37439524
      0.36844603
      0.36275023
      0.35761693
      0.35308195
      0.34895233
      0.34490196
      0.34054361
      0.33584415
      0.33117329
      0.32699564
      0.32358527
      0.32087385
      0.31842067
      0.31574164
      0.31269339
      0.30945482
      0.30629446
      0.30337967
      0.30074543
      0.29834481
      0.29609809
      0.29395789
      0.29193887
      0.29007946
      0.28833447
      0.28648510
      0.28427188
      0.28165703
      0.27885227
      0.27599019
      0.27315780
      0.27083274
      0.26882145
      0.26553590
      0.26025307
      0.25437766
      0.24931691
      0.24536358
      0.24206308
      0.23891816
      0.23589604
      0.23310966
      0.23056381
      0.22810788
      0.22548870
      0.22241191
      0.21867807
      0.21451102
      0.21055450
      0.20728370
      0.20461023
      0.20221565
      0.19986388
      0.19742802
      0.19478661
      0.19206290
      0.18941394
      0.18687813
      0.18437248
      0.18174057
      0.17894189
      0.17611313
      0.17346046
      0.17108738
      0.16896595
      0.16700683
      0.16512299
      0.16328335
      0.16152123
      0.15988556
      0.15840357
      0.15707236
      0.15585288
      0.15469361
      0.15358076
      0.15252129
      0.15147299
      0.15042420
      0.14944970
      0.14852124
      0.14751979
      0.14656664
      0.14570305
      0.14447265
      0.14257881
      0.14029038
      0.13803658
      0.13599775
      0.13404388
      0.13203013
      0.12986304
      0.12764566
      0.12554722
      0.12360613
      0.12178357
      0.12005749
      0.11843355
      0.11691593
      0.11542494
      0.11380000
      0.11196358
      0.11004713
      0.10822187
      0.10653281
      0.10494335
      0.10344811
      0.10206810
      0.10079148
     0.099543406
     0.098223799
     0.096790985
     0.095325196
     0.093952609
     0.092729643
     0.091623880
     0.090569530
     0.089513776
     0.088432028
     0.087339840
     0.086292748
     0.085326485
     0.084411905
     0.083516172
     0.082637510
     0.081733143
     0.080698442
     0.079508599
     0.078283263
     0.077148606
     0.076125630
     0.075168969
     0.074255901
     0.073414442
     0.072676061
     0.072033270
     0.071435409
     0.070825227
     0.070171733
     0.069472205
     0.068726534
     0.067931817
     0.067088830
     0.066202929
     0.065272168
     0.064285794
     0.063231724
     0.062136991
     0.061074761
     0.060105600
     0.059233602
     0.058422908
     0.057639345
     0.056866469
     0.056099476
     0.055337946
     0.054582528
     0.053833846
     0.053092179
     0.052357327
     0.051628304
     0.050902535
