       12.755639
       12.719382
       12.683177
       12.647059
       12.611033
       12.575099
       12.539258
       12.503508
       12.467851
       12.432286
       12.396812
       12.361430
       12.326139
       12.290938
       12.255828
       12.220808
       12.185879
       12.151039
       12.116288
       12.081627
       12.047055
       12.012572
       11.978178
       11.943872
       11.909654
       11.875524
       11.841484
       11.807535
       11.773681
       11.739928
       11.706289
       11.672782
       11.639431
       11.606260
       11.573288
       11.540509
       11.507881
       11.475313
       11.442668
       11.409784
       11.376494
       11.342666
       11.308214
       11.273105
       11.237313
       11.200779
       11.163352
       11.124713
       11.084328
       11.041406
       10.995056
       10.944911
       10.891958
       10.839076
       10.790385
       10.749431
       10.717879
       10.695510
       10.681092
       10.673157
       10.670408
       10.671813
       10.676586
       10.684108
       10.693866
       10.705415
       10.718341
       10.732258
       10.746794
       10.761619
       10.776484
       10.791256
       10.805941
       10.820651
       10.835511
       10.850585
       10.865833
       10.881138
       10.896367
       10.911424
       10.926258
       10.940855
       10.955214
       10.969332
       10.983194
       10.996790
       11.010126
       11.023240
       11.036192
       11.049049
       11.061858
       11.074618
       11.087276
       11.099776
       11.112096
       11.124248
       11.136248
       11.148068
       11.159616
       11.170783
       11.181463
       11.191569
       11.201027
       11.209796
       11.217842
       11.225170
       11.231763
       11.237646
       11.242846
       11.247392
       11.251325
       11.254700
       11.257570
       11.259998
       11.262060
       11.263820
       11.265324
       11.266603
       11.267679
       11.268579
       11.269284
       11.269811
       11.270182
       11.270379
       11.270412
       11.270308
       11.270076
       11.269727
       11.269283
       11.268775
       11.268234
       11.267698
       11.267213
       11.266830
       11.266575
       11.266378
       11.265905
       11.264781
       11.262578
       11.259230
       11.254956
       11.249999
       11.244432
       11.238152
       11.231081
       11.223264
       11.214673
       11.205354
       11.195656
       11.186068
       11.176905
       11.168192
       11.159866
       11.151973
       11.144567
       11.137584
       11.130901
       11.124394
       11.117901
       11.111253
       11.104279
       11.096835
       11.088801
       11.080089
       11.070643
       11.060461
       11.049552
       11.037973
       11.025804
       11.013160
       11.000172
       10.986982
       10.973722
       10.960499
       10.947362
       10.934293
       10.921211
       10.908006
       10.894598
       10.880956
       10.867124
       10.853197
       10.839290
       10.825511
       10.811945
       10.798633
       10.785572
       10.772725
       10.760034
       10.747439
       10.734873
       10.722274
       10.709569
       10.696681
       10.683530
       10.670031
       10.656105
       10.641679
       10.626690
       10.611088
       10.594836
       10.577908
       10.560288
       10.541966
       10.522939
       10.503207
       10.482782
       10.461683
       10.439941
       10.417597
       10.394706
       10.371327
       10.347525
       10.323364
       10.298909
       10.274211
       10.249308
       10.224217
       10.198933
       10.173429
       10.147660
       10.121563
       10.095062
       10.068073
       10.040491
       10.012210
       9.9831327
       9.9531816
       9.9223278
       9.8906012
       9.8580878
       9.8249043
       9.7911691
       9.7569825
       9.7224160
       9.6875267
       9.6523884
       9.6171115
       9.5818207
       9.5466570
       9.5117636
       9.4772804
       9.4433482
       9.4101120
       9.3777284
       9.3464135
       9.3163810
       9.2877195
       9.2601753
       9.2330581
       9.2059524
       9.1791464
       9.1523174
       9.1252562
       9.0979434
       9.0703703
       9.0424699
       9.0141277
       8.9852199
       8.9556564
       8.9254267
       8.8946078
       8.8633353
       8.8316865
       8.7997345
       8.7675105
       8.7349961
       8.7021636
       8.6689901
       8.6354609
       8.6016068
       8.5675528
       8.5334932
       8.4996463
       8.4662446
       8.4335014
       8.4015909
       8.3706539
       8.3407970
       8.3121056
       8.2846507
       8.2584906
       8.2336768
       8.2102449
       8.1882138
       8.1675771
       8.1483026
       8.1303341
       8.1135915
       8.0979761
       8.0833769
       8.0696733
       8.0567495
       8.0444905
       8.0327810
       8.0215025
       8.0105298
       7.9997359
       7.9890035
       7.9782697
       7.9675611
       7.9569858
       7.9466008
       7.9361597
       7.9250478
       7.9125385
       7.8981835
       7.8820006
       7.8643514
       7.8456294
       7.8260177
       7.8054755
       7.7838422
       7.7609345
       7.7365929
       7.7106947
       7.6831479
       7.6539079
       7.6229740
       7.5904281
       7.5564490
       7.5213634
       7.4855987
       7.4493829
       7.4121622
       7.3727711
       7.3297581
       7.2827485
       7.2335397
       7.1849319
       7.1376905
       7.0914565
       7.0453669
       6.9985298
       6.9501049
       6.8997288
       6.8474548
       6.7935607
       6.7381657
       6.6813746
       6.6232553
       6.5638418
       6.5031029
       6.4408632
       6.3768982
       6.3109513
       6.2428390
       6.1724648
       6.0997739
       6.0248053
       5.9477186
       5.8688074
       5.7886114
       5.7079182
       5.6274346
       5.5473053
       5.4672151
       5.3868640
       5.3060233
       5.2242427
       5.1372963
       5.0390449
       4.9286088
       4.8089190
       4.6861189
       4.5654090
       4.4462820
       4.3265863
       4.2043882
       4.0785376
       3.9491782
       3.8178640
       3.6865247
       3.5566833
       3.4291718
       3.3043708
       3.1824266
       3.0634140
       2.9473258
       2.8343309
       2.7247949
       2.6191040
       2.5175842
       2.4204805
       2.3279652
       2.2401994
       2.1573126
       2.0793796
       2.0063520
       1.9381115
       1.8744704
       1.8152462
       1.7602334
       1.7092713
       1.6622508
       1.6191752
       1.5801324
       1.5458896
       1.5179598
       1.4968815
       1.4806992
       1.4647450
       1.4460350
       1.4256225
       1.4077292
       1.3927361
       1.3797930
       1.3681054
       1.3575969
       1.3482914
       1.3401506
       1.3330559
       1.3268562
       1.3214192
       1.3166219
       1.3123417
       1.3084615
       1.3048909
       1.3015834
       1.2985060
       1.2956376
       1.2929871
       1.2906335
       1.2887283
       1.2873930
       1.2863994
       1.2849092
       1.2818039
       1.2767390
       1.2700244
       1.2622048
       1.2538536
       1.2455724
       1.2376936
       1.2304141
       1.2239036
       1.2184424
       1.2142342
       1.2113374
       1.2098400
       1.2099015
       1.2118958
       1.2162066
       1.2232042
       1.2331529
       1.2464230
       1.2633214
       1.2840462
       1.3084888
       1.3365031
       1.3678108
       1.4020581
       1.4388624
       1.4779093
       1.5185987
       1.5612559
       1.6061001
       1.6529414
       1.7011659
       1.7501144
       1.7991320
       1.8475210
       1.8946841
       1.9401113
       1.9834171
       2.0243602
       2.0628122
       2.0986848
       2.1318382
       2.1621785
       2.1896368
       2.2142404
       2.2359363
       2.2546435
       2.2700254
       2.2814561
       2.2883162
       2.2900064
       2.2857537
       2.2753284
       2.2598068
       2.2407126
       2.2194204
       2.1968922
       2.1736004
       2.1496935
       2.1250157
       2.0993190
       2.0722398
       2.0430513
       2.0111432
       1.9763348
       1.9391474
       1.9006780
       1.8618853
       1.8232638
       1.7848885
       1.7466357
       1.7083493
       1.6699257
       1.6313558
       1.5927251
       1.5541989
       1.5159573
       1.4781649
       1.4409587
       1.4043865
       1.3684281
       1.3331043
       1.2985064
       1.2648411
       1.2323666
       1.2013254
       1.1718997
       1.1442333
       1.1184799
       1.0949625
       1.0741252
       1.0563494
       1.0414200
       1.0284461
       1.0162300
       1.0040430
      0.99194075
      0.97997874
      0.96759472
      0.95436433
      0.94062974
      0.92703003
      0.91456560
      0.90329193
      0.89206037
      0.87970669
      0.86638757
      0.85338605
      0.84161144
      0.83085423
      0.82005252
      0.80857185
      0.79664594
      0.78535455
      0.77587978
      0.76862073
      0.76328483
      0.75944899
      0.75676564
      0.75443195
      0.75136717
      0.74722192
      0.74280689
      0.73928578
      0.73729718
      0.73669171
      0.73705937
      0.73802198
      0.73936285
      0.74095574
      0.74252513
      0.74383865
      0.74500844
      0.74647185
      0.74863506
      0.75173541
      0.75587852
      0.76104771
      0.76745119
      0.77483576
      0.78136019
      0.78551680
      0.78441040
      0.77829623
      0.77002703
      0.76269058
      0.75840282
      0.75747994
      0.75894042
      0.76196404
      0.76606290
      0.77142979
      0.77837836
      0.78715250
      0.79777384
      0.81022862
      0.82448959
      0.84065007
      0.85883477
      0.87899370
      0.90068973
      0.92329233
      0.94644526
      0.97007598
      0.99437674
       1.0194569
       1.0448785
       1.0692769
       1.0911710
       1.1100195
       1.1266637
       1.1427511
       1.1591194
       1.1756305
       1.1920853
       1.2086624
       1.2255862
       1.2427542
       1.2596656
       1.2758149
       1.2910107
       1.3052339
       1.3185324
       1.3309196
       1.3426102
       1.3539549
       1.3648108
       1.3741543
       1.3811694
       1.3861681
       1.3903902
       1.3947296
       1.3991616
       1.4031105
       1.4060147
       1.4077787
       1.4089773
       1.4105171
       1.4122705
       1.4122575
       1.4087348
       1.4005068
       1.3884205
       1.3761426
       1.3659005
       1.3571315
       1.3485157
       1.3397101
       1.3307951
       1.3210533
       1.3094183
       1.2958401
       1.2815456
       1.2675470
       1.2534117
       1.2376019
       1.2187568
       1.1970962
       1.1739025
       1.1498135
       1.1247711
       1.0989511
       1.0727499
       1.0465806
       1.0209249
      0.99634620
      0.97346620
      0.95270060
      0.93398490
      0.91670913
      0.90010314
      0.88320377
      0.86548738
      0.84726859
      0.82947899
      0.81303955
      0.79843669
      0.78570597
      0.77463278
      0.76496526
      0.75648801
      0.74898954
      0.74230444
      0.73648594
      0.73194866
      0.72872755
      0.72527841
      0.71935116
      0.71042354
      0.70194507
      0.69714565
      0.69372044
      0.68712348
      0.67801464
      0.67066633
      0.66555690
      0.66059660
      0.65439681
      0.64750709
      0.64120942
      0.63618151
      0.63234154
      0.62922894
      0.62624974
      0.62282314
      0.61898518
      0.61504336
      0.61152827
      0.60865862
      0.60623633
      0.60400883
      0.60200190
      0.60048956
      0.59969025
      0.59955104
      0.59935907
      0.59733789
      0.59215916
      0.58438172
      0.57536897
      0.56662455
      0.55904635
      0.55280957
      0.54781155
      0.54391854
      0.54077382
      0.53794879
      0.53512203
      0.53194778
      0.52888318
      0.52605478
      0.52250947
      0.51906100
      0.51458097
      0.50662746
      0.49771447
      0.49070639
      0.48626468
      0.48355966
      0.48160440
      0.48004420
      0.47891035
      0.47842615
      0.47857213
      0.47918254
      0.48002491
      0.48114070
      0.48282222
      0.48515981
      0.48790995
      0.49045495
      0.49141997
      0.48985867
      0.48595686
      0.48097246
      0.47720050
      0.47611986
      0.47757931
      0.48061516
      0.48456053
      0.48962232
      0.49615420
      0.50311437
      0.50892194
      0.51307350
      0.51674904
      0.52132591
      0.52730143
      0.53447860
      0.54213387
      0.54947058
      0.55622147
      0.56274556
      0.56974323
      0.57756846
      0.58617916
      0.59536510
      0.60482802
      0.61421836
      0.62326913
      0.63188902
      0.64018661
      0.64826700
      0.65585294
      0.66228473
      0.66736096
      0.67189264
      0.67666193
      0.68178084
      0.68638644
      0.68967484
      0.69181866
      0.69358572
      0.69571358
      0.69865263
      0.70247302
      0.70697237
      0.71185133
      0.71680701
      0.72162058
      0.72616799
      0.73040940
      0.73444173
      0.73841140
      0.74225513
      0.74561287
      0.74815734
      0.74987603
      0.75071341
      0.75037385
      0.74884120
      0.74674249
      0.74465342
      0.74208325
      0.73759880
      0.73063972
      0.72281687
      0.71600843
      0.71098086
      0.70746087
      0.70478698
      0.70248153
      0.70038578
      0.69847440
      0.69662907
      0.69451035
      0.69172063
      0.68778538
      0.68244727
      0.67597978
      0.66902948
      0.66226626
      0.65607530
      0.65053911
      0.64564042
      0.64130726
      0.63743191
      0.63391760
      0.63063453
      0.62737439
      0.62390973
      0.62012409
      0.61607679
      0.61184942
      0.60735633
      0.60254002
      0.59770751
      0.59324386
      0.58892787
      0.58426205
      0.57949559
      0.57506123
      0.56991532
      0.56188544
      0.55040145
      0.53783123
      0.52680737
      0.51821131
      0.51136194
      0.50508944
      0.49841370
      0.49077455
      0.48209669
      0.47284469
      0.46387324
      0.45591997
      0.44916365
      0.44328153
      0.43785003
      0.43257476
      0.42729789
      0.42200462
      0.41679132
      0.41175863
      0.40693624
      0.40232535
      0.39792114
      0.39365933
      0.38937985
      0.38494710
      0.38034535
      0.37555646
      0.37044469
      0.36504862
      0.35964473
      0.35446428
      0.34950329
      0.34463478
      0.33974938
      0.33471641
      0.32945606
      0.32420790
      0.31951719
      0.31561660
      0.31226323
      0.30908685
      0.30592090
      0.30280813
      0.29981998
      0.29695381
      0.29416533
      0.29143894
      0.28879505
      0.28623742
      0.28371211
      0.28116222
      0.27860285
      0.27610160
      0.27367997
      0.27129656
      0.26890088
      0.26619152
      0.26308612
      0.26027441
      0.25817573
      0.25548674
      0.25093306
      0.24528337
      0.24002950
      0.23591223
      0.23276952
      0.23007324
      0.22749103
      0.22490075
      0.22226768
      0.21957984
      0.21685321
      0.21402943
      0.21096143
      0.20763469
      0.20427888
      0.20106276
      0.19802777
      0.19518205
      0.19256551
      0.19016499
      0.18789647
      0.18564763
      0.18340570
      0.18117462
      0.17878621
      0.17609873
      0.17327946
      0.17052481
      0.16791582
      0.16545023
      0.16313957
      0.16099119
      0.15901089
      0.15719632
      0.15552511
      0.15395379
      0.15242399
      0.15089178
      0.14931056
      0.14768761
      0.14609146
      0.14458252
      0.14321152
      0.14198321
      0.14076947
      0.13949984
      0.13840427
      0.13744243
      0.13609793
      0.13421178
      0.13207004
      0.12999232
      0.12811542
      0.12644967
      0.12499904
      0.12371412
      0.12245867
      0.12106000
      0.11938436
      0.11745991
      0.11546336
      0.11356716
      0.11175295
      0.10981502
      0.10757971
      0.10517086
      0.10291315
      0.10101462
     0.099435611
     0.098008944
     0.096624527
     0.095285521
     0.094031902
     0.092869891
     0.091746948
     0.090583858
     0.089346407
     0.088087250
     0.086892016
     0.085811045
     0.084837002
     0.083933441
     0.083066683
     0.082216974
     0.081385546
     0.080554045
     0.079704818
     0.078885336
     0.078122028
     0.077318271
     0.076345697
     0.075206957
     0.074026518
     0.072921227
     0.071929870
     0.071030441
     0.070199667
     0.069435678
     0.068733388
     0.068056785
     0.067359590
     0.066612531
     0.065803565
     0.064927966
     0.063994614
     0.063024325
     0.062047053
     0.061095406
     0.060189462
     0.059328299
     0.058498147
     0.057687165
     0.056891037
     0.056109177
     0.055340355
     0.054582321
     0.053833135
     0.053091633
     0.052357026
     0.051628166
     0.050902472
