       12.755643
       12.719382
       12.683178
       12.647059
       12.611033
       12.575099
       12.539258
       12.503508
       12.467851
       12.432286
       12.396812
       12.361430
       12.326139
       12.290938
       12.255828
       12.220808
       12.185879
       12.151039
       12.116288
       12.081627
       12.047056
       12.012573
       11.978179
       11.943874
       11.909660
       11.875537
       11.841511
       11.807588
       11.773779
       11.740100
       11.706576
       11.673232
       11.640098
       11.607192
       11.574504
       11.541981
       11.509502
       11.476879
       11.443867
       11.410198
       11.375630
       11.339994
       11.303221
       11.265360
       11.226547
       11.186955
       11.146750
       11.105953
       11.064416
       11.021676
       10.977099
       10.930381
       10.882342
       10.835532
       10.793731
       10.760324
       10.737114
       10.724131
       10.720343
       10.724372
       10.734902
       10.750828
       10.771251
       10.795374
       10.822389
       10.851423
       10.881564
       10.911738
       10.941300
       10.969525
       10.996039
       11.020820
       11.044102
       11.066281
       11.087857
       11.109296
       11.130976
       11.153149
       11.175924
       11.199275
       11.223077
       11.247128
       11.271210
       11.295111
       11.318662
       11.341757
       11.364348
       11.386444
       11.408085
       11.429304
       11.450123
       11.470559
       11.490622
       11.510342
       11.529735
       11.548791
       11.567490
       11.585792
       11.603651
       11.621031
       11.637890
       11.654182
       11.669854
       11.684833
       11.699045
       11.712406
       11.724860
       11.736366
       11.746919
       11.756546
       11.765302
       11.773263
       11.780524
       11.787193
       11.793389
       11.799234
       11.804848
       11.810332
       11.815756
       11.821145
       11.826496
       11.831768
       11.836896
       11.841780
       11.846310
       11.850379
       11.853889
       11.856772
       11.858994
       11.860549
       11.861467
       11.861792
       11.861575
       11.860859
       11.859675
       11.858039
       11.855942
       11.853373
       11.850330
       11.846848
       11.843009
       11.838951
       11.834846
       11.830863
       11.827101
       11.823528
       11.820042
       11.816656
       11.813312
       11.809752
       11.805701
       11.800941
       11.795361
       11.788966
       11.781812
       11.773951
       11.765402
       11.756165
       11.746218
       11.735549
       11.724144
       11.712016
       11.699197
       11.685723
       11.671650
       11.657048
       11.641975
       11.626489
       11.610651
       11.594514
       11.578104
       11.561426
       11.544479
       11.527237
       11.509671
       11.491739
       11.473394
       11.454593
       11.435297
       11.415472
       11.395093
       11.374156
       11.352684
       11.330743
       11.308394
       11.285708
       11.262730
       11.239490
       11.216011
       11.192307
       11.168383
       11.144249
       11.119897
       11.095292
       11.070421
       11.045246
       11.019729
       10.993841
       10.967551
       10.940824
       10.913631
       10.885942
       10.857730
       10.828956
       10.799588
       10.769581
       10.738895
       10.707487
       10.675319
       10.642359
       10.608583
       10.573996
       10.538614
       10.502492
       10.465715
       10.428396
       10.390658
       10.352617
       10.314381
       10.276035
       10.237643
       10.199247
       10.160852
       10.122461
       10.084062
       10.045633
       10.007144
       9.9685731
       9.9298872
       9.8910574
       9.8520876
       9.8130272
       9.7739592
       9.7349654
       9.6960150
       9.6568546
       9.6170374
       9.5761440
       9.5340471
       9.4909676
       9.4472696
       9.4032211
       9.3589141
       9.3143103
       9.2693126
       9.2238254
       9.1778042
       9.1312948
       9.0844423
       9.0374735
       8.9906520
       8.9442382
       8.8984624
       8.8535103
       8.8094827
       8.7663949
       8.7242351
       8.6829416
       8.6424525
       8.6026909
       8.5635847
       8.5250523
       8.4869905
       8.4492710
       8.4117493
       8.3742810
       8.3367482
       8.2990607
       8.2611742
       8.2230847
       8.1848305
       8.1464605
       8.1080103
       8.0695187
       8.0310219
       7.9925402
       7.9540746
       7.9156028
       7.8770858
       7.8384927
       7.7998191
       7.7611075
       7.7224400
       7.6839167
       7.6456632
       7.6078230
       7.5705530
       7.5340422
       7.4984884
       7.4639900
       7.4304597
       7.3976250
       7.3651212
       7.3326496
       7.3000773
       7.2674505
       7.2349248
       7.2026796
       7.1708814
       7.1397101
       7.1093786
       7.0800662
       7.0517348
       7.0239364
       6.9958927
       6.9671862
       6.9376774
       6.9071361
       6.8754684
       6.8427905
       6.8093194
       6.7752445
       6.7406744
       6.7056431
       6.6701144
       6.6339905
       6.5971323
       6.5593908
       6.5206414
       6.4807975
       6.4398278
       6.3978181
       6.3551017
       6.3118662
       6.2680414
       6.2225022
       6.1724531
       6.1148913
       6.0492630
       5.9796489
       5.9115018
       5.8461073
       5.7830067
       5.7213469
       5.6602640
       5.5993313
       5.5384433
       5.4775713
       5.4167025
       5.3557778
       5.2946485
       5.2331139
       5.1709574
       5.1079800
       5.0439815
       4.9787568
       4.9121505
       4.8440115
       4.7742405
       4.7028242
       4.6297858
       4.5552665
       4.4794799
       4.4028506
       4.3262131
       4.2511676
       4.1797899
       4.1125616
       4.0470246
       3.9775425
       3.8997047
       3.8143421
       3.7258603
       3.6370160
       3.5484552
       3.4600739
       3.3715585
       3.2825557
       3.1929337
       3.1028040
       3.0123674
       2.9218203
       2.8313262
       2.7410173
       2.6510415
       2.5615596
       2.4727533
       2.3848771
       2.2981737
       2.2129127
       2.1294168
       2.0479096
       1.9686379
       1.8918868
       1.8179613
       1.7472447
       1.6800580
       1.6166779
       1.5573348
       1.5021867
       1.4513232
       1.4047413
       1.3622778
       1.3235244
       1.2878511
       1.2545407
       1.2231565
       1.1934849
       1.1653886
       1.1387206
       1.1133135
       1.0890627
       1.0659354
       1.0440342
       1.0234485
       1.0042003
      0.98631041
      0.96978746
      0.95463262
      0.94083699
      0.92836516
      0.91714866
      0.90701561
      0.89781456
      0.88942836
      0.88194530
      0.87546368
      0.87003367
      0.86566205
      0.86218936
      0.85939842
      0.85697585
      0.85460303
      0.85198739
      0.84900125
      0.84578832
      0.84262541
      0.83976234
      0.83733536
      0.83537203
      0.83383528
      0.83271878
      0.83206146
      0.83192221
      0.83236694
      0.83343791
      0.83516490
      0.83755813
      0.84061957
      0.84432499
      0.84864501
      0.85358537
      0.85924154
      0.86583797
      0.87368364
      0.88292909
      0.89363343
      0.90588321
      0.91970521
      0.93520051
      0.95251778
      0.97155365
      0.99211301
       1.0139417
       1.0367876
       1.0605026
       1.0851246
       1.1107388
       1.1370624
       1.1631785
       1.1880671
       1.2113411
       1.2332269
       1.2542984
       1.2748409
       1.2948203
       1.3141088
       1.3327117
       1.3507114
       1.3681155
       1.3847082
       1.3999442
       1.4132301
       1.4243324
       1.4334217
       1.4408776
       1.4468219
       1.4512079
       1.4539678
       1.4549770
       1.4541050
       1.4511504
       1.4457589
       1.4374256
       1.4256799
       1.4107175
       1.3933354
       1.3744943
       1.3549211
       1.3349681
       1.3147107
       1.2940004
       1.2726030
       1.2503735
       1.2273270
       1.2037443
       1.1801187
       1.1570012
       1.1345587
       1.1124279
       1.0894689
       1.0649400
       1.0385037
       1.0110028
      0.98347969
      0.95637658
      0.92998304
      0.90445053
      0.87976585
      0.85577099
      0.83233400
      0.80942321
      0.78716350
      0.76580243
      0.74548271
      0.72609585
      0.70732881
      0.68856252
      0.66940309
      0.65019435
      0.63162968
      0.61446066
      0.59909022
      0.58550900
      0.57355335
      0.56303546
      0.55380740
      0.54577397
      0.53885300
      0.53290301
      0.52774958
      0.52331293
      0.51958136
      0.51653344
      0.51372884
      0.51015947
      0.50522958
      0.49977622
      0.49511408
      0.49134058
      0.48789279
      0.48428086
      0.48063666
      0.47743537
      0.47502062
      0.47341598
      0.47250228
      0.47214725
      0.47222159
      0.47261601
      0.47320864
      0.47390270
      0.47459862
      0.47514939
      0.47542872
      0.47535122
      0.47480719
      0.47365241
      0.47188842
      0.46978289
      0.46760149
      0.46530143
      0.46254205
      0.45930847
      0.45612632
      0.45356908
      0.45182200
      0.45081284
      0.45040275
      0.45054337
      0.45126587
      0.45262612
      0.45463549
      0.45725604
      0.46039815
      0.46395099
      0.46788610
      0.47227197
      0.47718712
      0.48270249
      0.48886828
      0.49576610
      0.50343692
      0.51186915
      0.52092653
      0.53030305
      0.53977998
      0.54922879
      0.55886513
      0.56903996
      0.58006465
      0.59206091
      0.60485314
      0.61797467
      0.63111951
      0.64414947
      0.65717895
      0.67056470
      0.68448557
      0.69877863
      0.71317032
      0.72749926
      0.74207766
      0.75728899
      0.77260615
      0.78609205
      0.79696737
      0.80640082
      0.81600195
      0.82632027
      0.83698429
      0.84752765
      0.85763638
      0.86710198
      0.87576927
      0.88371723
      0.89111753
      0.89810461
      0.90453661
      0.91010911
      0.91461865
      0.91805107
      0.92035328
      0.92135517
      0.92093734
      0.91917320
      0.91646579
      0.91313265
      0.90931052
      0.90496650
      0.90007964
      0.89471832
      0.88903823
      0.88284221
      0.87591937
      0.86814452
      0.85955298
      0.85074110
      0.84212452
      0.83308747
      0.82272076
      0.81101705
      0.79891339
      0.78687901
      0.77374810
      0.75702608
      0.73648765
      0.71475293
      0.69414863
      0.67535322
      0.65790938
      0.64104600
      0.62445351
      0.60841250
      0.59327743
      0.57898948
      0.56521073
      0.55194515
      0.53960807
      0.52852711
      0.51869050
      0.50992602
      0.50210813
      0.49517178
      0.48906862
      0.48377673
      0.47929465
      0.47561561
      0.47269582
      0.47035407
      0.46812042
      0.46554775
      0.46257934
      0.45944799
      0.45636445
      0.45324351
      0.44988432
      0.44628896
      0.44267308
      0.43922037
      0.43594750
      0.43272145
      0.42937123
      0.42563726
      0.42156245
      0.41762994
      0.41432607
      0.41184193
      0.41016964
      0.40908093
      0.40819504
      0.40726209
      0.40632905
      0.40567217
      0.40554417
      0.40602034
      0.40705481
      0.40863726
      0.41065870
      0.41258801
      0.41368479
      0.41296693
      0.41069900
      0.40859803
      0.40707762
      0.40455905
      0.40041331
      0.39499281
      0.38928985
      0.38417509
      0.37989938
      0.37639025
      0.37358651
      0.37134201
      0.36939798
      0.36763050
      0.36617362
      0.36518746
      0.36466450
      0.36436926
      0.36398932
      0.36380888
      0.36410338
      0.36422091
      0.36304411
      0.36036017
      0.35690441
      0.35387749
      0.35186408
      0.35081034
      0.35053772
      0.35087648
      0.35169399
      0.35290033
      0.35442672
      0.35626152
      0.35813615
      0.35963680
      0.36055066
      0.36138617
      0.36291933
      0.36561969
      0.36958055
      0.37471219
      0.38086994
      0.38778955
      0.39528976
      0.40336740
      0.41198297
      0.42068642
      0.42823940
      0.43403319
      0.43862298
      0.44344828
      0.44982643
      0.45788180
      0.46707208
      0.47689818
      0.48709728
      0.49755753
      0.50827630
      0.51924796
      0.53030543
      0.54124644
      0.55202331
      0.56275313
      0.57372142
      0.58519504
      0.59731306
      0.61003399
      0.62299107
      0.63542541
      0.64683188
      0.65709043
      0.66586811
      0.67255638
      0.67736266
      0.68171118
      0.68683062
      0.69201215
      0.69576331
      0.69756598
      0.69854830
      0.69981622
      0.70167438
      0.70372404
      0.70539784
      0.70663978
      0.70786369
      0.70965940
      0.71198315
      0.71426719
      0.71625795
      0.71830530
      0.72117119
      0.72515042
      0.72918774
      0.73119475
      0.72981909
      0.72529408
      0.71906824
      0.71325031
      0.70910825
      0.70672794
      0.70570013
      0.70561371
      0.70618867
      0.70706732
      0.70776372
      0.70787221
      0.70718367
      0.70581723
      0.70414826
      0.70262735
      0.70168916
      0.70157933
      0.70204049
      0.70215121
      0.70070279
      0.69709995
      0.69212477
      0.68692652
      0.68177865
      0.67659328
      0.67181792
      0.66790232
      0.66405190
      0.65835151
      0.64997520
      0.64022923
      0.63134102
      0.62448691
      0.61948344
      0.61553639
      0.61189300
      0.60807653
      0.60388965
      0.59941443
      0.59493633
      0.59078935
      0.58719473
      0.58415917
      0.58146749
      0.57876297
      0.57569532
      0.57209686
      0.56808770
      0.56398226
      0.56007383
      0.55645964
      0.55305855
      0.54977427
      0.54660059
      0.54352896
      0.54031049
      0.53645571
      0.53165395
      0.52614757
      0.52030738
      0.51407182
      0.50714989
      0.49976913
      0.49262647
      0.48617249
      0.48029846
      0.47454534
      0.46845702
      0.46187105
      0.45501330
      0.44828109
      0.44190527
      0.43586730
      0.43001030
      0.42415673
      0.41826507
      0.41253769
      0.40726714
      0.40261753
      0.39850114
      0.39455506
      0.39028345
      0.38533097
      0.37968274
      0.37367023
      0.36776329
      0.36229154
      0.35738998
      0.35305947
      0.34930016
      0.34594994
      0.34254902
      0.33849535
      0.33381873
      0.32895331
      0.32429313
      0.31998889
      0.31602051
      0.31235613
      0.30888786
      0.30541357
      0.30177722
      0.29803873
      0.29439966
      0.29099406
      0.28774884
      0.28443326
      0.28089043
      0.27720173
      0.27361504
      0.27034281
      0.26743016
      0.26476900
      0.26223323
      0.25967864
      0.25692004
      0.25403098
      0.25147161
      0.24947570
      0.24742754
      0.24451854
      0.24039456
      0.23519936
      0.22942426
      0.22373136
      0.21862065
      0.21422627
      0.21044270
      0.20712556
      0.20416468
      0.20148678
      0.19900559
      0.19656987
      0.19400298
      0.19124354
      0.18836919
      0.18552674
      0.18283571
      0.18034496
      0.17799158
      0.17557457
      0.17296126
      0.17018024
      0.16730932
      0.16435049
      0.16125636
      0.15805980
      0.15491861
      0.15200873
      0.14940894
      0.14708760
      0.14496941
      0.14298344
      0.14108578
      0.13926758
      0.13754353
      0.13593255
      0.13443404
      0.13297309
      0.13146194
      0.12985898
      0.12812430
      0.12634559
      0.12467847
      0.12307590
      0.12133070
      0.11933824
      0.11719694
      0.11506448
      0.11304293
      0.11117409
      0.10948032
      0.10794105
      0.10646825
      0.10496231
      0.10338795
      0.10174148
     0.099981612
     0.098052690
     0.095980677
     0.093898828
     0.091920568
     0.090073596
     0.088364185
     0.086807242
     0.085388890
     0.084058574
     0.082782535
     0.081560167
     0.080396562
     0.079281254
     0.078194522
     0.077139136
     0.076139638
     0.075211339
     0.074341971
     0.073515756
     0.072724316
     0.071945211
     0.071139497
     0.070290443
     0.069412035
     0.068528739
     0.067656305
     0.066797447
     0.065946390
     0.065099826
     0.064260181
     0.063427955
     0.062599858
     0.061773414
     0.060948990
     0.060128590
     0.059313485
     0.058504258
     0.057701929
     0.056908180
     0.056124500
     0.055351530
     0.054589123
     0.053836646
     0.053093184
     0.052357610
     0.051628349
     0.050902521
