       12.755636
       12.719381
       12.683177
       12.647059
       12.611033
       12.575099
       12.539258
       12.503508
       12.467851
       12.432286
       12.396812
       12.361430
       12.326139
       12.290938
       12.255828
       12.220808
       12.185879
       12.151039
       12.116288
       12.081627
       12.047055
       12.012572
       11.978178
       11.943872
       11.909655
       11.875527
       11.841490
       11.807546
       11.773701
       11.739961
       11.706338
       11.672849
       11.639515
       11.606358
       11.573404
       11.540673
       11.508173
       11.475904
       11.443850
       11.411994
       11.380329
       11.348882
       11.317721
       11.286946
       11.256638
       11.226770
       11.197069
       11.166818
       11.134708
       11.098756
       11.056922
       11.008206
       10.953796
       10.897501
       10.844436
       10.798602
       10.761683
       10.733475
       10.712832
       10.698387
       10.688890
       10.683334
       10.680946
       10.681106
       10.683306
       10.687166
       10.692411
       10.698826
       10.706237
       10.714504
       10.723490
       10.733041
       10.743030
       10.753336
       10.763833
       10.774406
       10.784943
       10.795346
       10.805542
       10.815470
       10.825086
       10.834355
       10.843261
       10.851798
       10.859968
       10.867773
       10.875208
       10.882275
       10.888977
       10.895324
       10.901321
       10.906974
       10.912281
       10.917229
       10.921812
       10.926007
       10.929808
       10.933212
       10.936220
       10.938839
       10.941081
       10.942943
       10.944413
       10.945462
       10.946038
       10.946077
       10.945509
       10.944263
       10.942281
       10.939510
       10.935923
       10.931528
       10.926365
       10.920524
       10.914123
       10.907293
       10.900156
       10.892803
       10.885306
       10.877709
       10.870017
       10.862199
       10.854204
       10.845964
       10.837398
       10.828434
       10.819005
       10.809071
       10.798613
       10.787635
       10.776153
       10.764211
       10.751857
       10.739154
       10.726175
       10.712997
       10.699695
       10.686338
       10.672991
       10.659708
       10.646533
       10.633502
       10.620630
       10.607919
       10.595359
       10.582936
       10.570632
       10.558424
       10.546281
       10.534165
       10.522036
       10.509845
       10.497538
       10.485057
       10.472342
       10.459340
       10.446005
       10.432301
       10.418203
       10.403695
       10.388766
       10.373414
       10.357645
       10.341484
       10.324966
       10.308142
       10.291068
       10.273808
       10.256426
       10.238983
       10.221517
       10.204036
       10.186511
       10.168865
       10.150965
       10.132608
       10.113521
       10.093373
       10.071805
       10.048490
       10.023188
       9.9958226
       9.9665250
       9.9355918
       9.9034081
       9.8704129
       9.8369468
       9.8033797
       9.7698663
       9.7365179
       9.7034568
       9.6707596
       9.6384728
       9.6066168
       9.5751843
       9.5441436
       9.5134412
       9.4830116
       9.4527798
       9.4226670
       9.3925950
       9.3624851
       9.3322650
       9.3018701
       9.2712335
       9.2402975
       9.2090079
       9.1773178
       9.1451913
       9.1126020
       9.0795342
       9.0459889
       9.0119753
       8.9775131
       8.9426289
       8.9073562
       8.8717255
       8.8357776
       8.7995448
       8.7630536
       8.7263075
       8.6892720
       8.6518633
       8.6139451
       8.5753433
       8.5358748
       8.4953901
       8.4538112
       8.4111518
       8.3675244
       8.3231154
       8.2781501
       8.2328628
       8.1874727
       8.1421591
       8.0970521
       8.0522240
       8.0076886
       7.9634229
       7.9193958
       7.8755793
       7.8319792
       7.7886605
       7.7457368
       7.7033818
       7.6617708
       7.6210654
       7.5813078
       7.5423880
       7.5040350
       7.4659040
       7.4277401
       7.3894790
       7.3512338
       7.3131880
       7.2754928
       7.2382302
       7.2014178
       7.1650261
       7.1290018
       7.0932893
       7.0578425
       7.0226300
       6.9876303
       6.9528184
       6.9181501
       6.8835761
       6.8490531
       6.8145265
       6.7799481
       6.7452785
       6.7104852
       6.6755464
       6.6404440
       6.6051704
       6.5697242
       6.5341088
       6.4983420
       6.4624476
       6.4264548
       6.3903962
       6.3543008
       6.3181955
       6.2821010
       6.2460320
       6.2099951
       6.1739830
       6.1379660
       6.1018714
       6.0655938
       6.0290270
       5.9921338
       5.9550400
       5.9180300
       5.8814442
       5.8455709
       5.8106083
       5.7766774
       5.7438387
       5.7119279
       5.6807139
       5.6501658
       5.6201870
       5.5904249
       5.5603085
       5.5293429
       5.4973038
       5.4642621
       5.4306539
       5.3971003
       5.3640424
       5.3316508
       5.2999750
       5.2690000
       5.2385869
       5.2083938
       5.1779609
       5.1468836
       5.1149367
       5.0820513
       5.0482039
       5.0133785
       4.9775767
       4.9407948
       4.9030633
       4.8644547
       4.8250421
       4.7849279
       4.7442255
       4.7031178
       4.6618762
       4.6209281
       4.5807501
       4.5412820
       4.5012114
       4.4583162
       4.4118617
       4.3635469
       4.3154770
       4.2688368
       4.2225910
       4.1753577
       4.1268518
       4.0771246
       4.0265180
       3.9755171
       3.9243888
       3.8731375
       3.8215626
       3.7692616
       3.7158450
       3.6609486
       3.6043386
       3.5458853
       3.4855960
       3.4235339
       3.3598118
       3.2945339
       3.2277932
       3.1596978
       3.0903848
       3.0200080
       2.9487314
       2.8767062
       2.8040610
       2.7309144
       2.6573468
       2.5834300
       2.5092491
       2.4348951
       2.3604517
       2.2860104
       2.2116012
       2.1372484
       2.0630099
       1.9889547
       1.9152403
       1.8420608
       1.7696604
       1.6983390
       1.6284418
       1.5603076
       1.4943757
       1.4312199
       1.3711686
       1.3141454
       1.2596245
       1.2071625
       1.1570513
       1.1105172
       1.0687353
       1.0318751
      0.99870000
      0.96756526
      0.93807345
      0.91093609
      0.88649936
      0.86431670
      0.84390539
      0.82519094
      0.80822713
      0.79287334
      0.77890199
      0.76624168
      0.75492657
      0.74486418
      0.73594281
      0.72820507
      0.72175460
      0.71663765
      0.71273696
      0.70938571
      0.70574823
      0.70134556
      0.69595226
      0.69025570
      0.68501256
      0.68047295
      0.67656992
      0.67299933
      0.66941866
      0.66558471
      0.66136031
      0.65672972
      0.65170024
      0.64631398
      0.64066964
      0.63502937
      0.62985349
      0.62546755
      0.62145712
      0.61693767
      0.61205881
      0.60759663
      0.60400992
      0.60165657
      0.60040446
      0.60008979
      0.60064732
      0.60208356
      0.60446983
      0.60787844
      0.61238197
      0.61798852
      0.62470156
      0.63249906
      0.64138033
      0.65133833
      0.66229564
      0.67413599
      0.68674866
      0.70016046
      0.71457992
      0.73022547
      0.74719436
      0.76537176
      0.78446525
      0.80416493
      0.82420688
      0.84441170
      0.86465382
      0.88482027
      0.90480879
      0.92452232
      0.94382417
      0.96245888
      0.98007512
      0.99635466
       1.0112453
       1.0248303
       1.0372446
       1.0484985
       1.0584941
       1.0671868
       1.0745738
       1.0806821
       1.0855495
       1.0891037
       1.0912766
       1.0920603
       1.0913609
       1.0889931
       1.0847193
       1.0785250
       1.0707336
       1.0617819
       1.0519344
       1.0411628
       1.0292526
       1.0160217
       1.0014064
      0.98558061
      0.96892044
      0.95177805
      0.93438629
      0.91685358
      0.89912908
      0.88099005
      0.86205083
      0.84195850
      0.82091707
      0.79971194
      0.77892647
      0.75832571
      0.73687126
      0.71361283
      0.68862201
      0.66314478
      0.63867038
      0.61610005
      0.59558463
      0.57687450
      0.55965028
      0.54364484
      0.52868046
      0.51467565
      0.50159508
      0.48943802
      0.47821922
      0.46791145
      0.45847063
      0.44982498
      0.44193171
      0.43484495
      0.42858333
      0.42307000
      0.41810052
      0.41329562
      0.40831289
      0.40306260
      0.39768628
      0.39219229
      0.38651704
      0.38039126
      0.37383741
      0.36750612
      0.36215691
      0.35816623
      0.35549626
      0.35381910
      0.35256879
      0.35127289
      0.34991752
      0.34889071
      0.34795046
      0.34643877
      0.34437534
      0.34248389
      0.34124275
      0.34062215
      0.34036647
      0.34030407
      0.34037650
      0.34059032
      0.34096945
      0.34153229
      0.34223543
      0.34292802
      0.34340392
      0.34354596
      0.34334661
      0.34291157
      0.34235596
      0.34178110
      0.34127127
      0.34087713
      0.34063301
      0.34065264
      0.34104438
      0.34182297
      0.34295667
      0.34434272
      0.34595796
      0.34798669
      0.35078027
      0.35451880
      0.35871165
      0.36269029
      0.36603902
      0.36896047
      0.37174701
      0.37442531
      0.37714573
      0.38019269
      0.38343776
      0.38635218
      0.38892637
      0.39190515
      0.39613112
      0.40181671
      0.40875901
      0.41668751
      0.42535365
      0.43458096
      0.44423899
      0.45419891
      0.46432650
      0.47453224
      0.48478623
      0.49510198
      0.50551215
      0.51603989
      0.52667448
      0.53735156
      0.54804098
      0.55875192
      0.56938870
      0.57974284
      0.58981406
      0.59987826
      0.60970493
      0.61840939
      0.62558745
      0.63113115
      0.63573400
      0.64042317
      0.64541960
      0.65033164
      0.65495722
      0.65908315
      0.66270468
      0.66593191
      0.66888001
      0.67155195
      0.67364567
      0.67452381
      0.67352489
      0.67013197
      0.66434447
      0.65694501
      0.64923266
      0.64215960
      0.63587382
      0.63010297
      0.62472827
      0.61963412
      0.61437359
      0.60825484
      0.60086043
      0.59224610
      0.58269722
      0.57250749
      0.56200111
      0.55171943
      0.54215230
      0.53358682
      0.52617917
      0.51970624
      0.51321299
      0.50548444
      0.49624401
      0.48615846
      0.47595008
      0.46601587
      0.45634161
      0.44687498
      0.43764213
      0.42872219
      0.42027253
      0.41257068
      0.40594051
      0.40043756
      0.39550529
      0.39030633
      0.38497864
      0.38121303
      0.37917388
      0.37567969
      0.36850705
      0.35925300
      0.35075120
      0.34422466
      0.33935802
      0.33546823
      0.33215583
      0.32930947
      0.32690956
      0.32495732
      0.32350390
      0.32257434
      0.32188743
      0.32089880
      0.31928279
      0.31722332
      0.31522459
      0.31375106
      0.31285074
      0.31231182
      0.31200645
      0.31194071
      0.31210923
      0.31235992
      0.31245846
      0.31222687
      0.31171044
      0.31106948
      0.31052680
      0.31035619
      0.31051033
      0.31026253
      0.30915742
      0.30660734
      0.30312802
      0.30004659
      0.29794671
      0.29663147
      0.29575944
      0.29516058
      0.29450781
      0.29354745
      0.29226115
      0.29069434
      0.28911298
      0.28791178
      0.28736594
      0.28739482
      0.28785890
      0.28874496
      0.28990416
      0.29089922
      0.29120861
      0.29080159
      0.29014709
      0.28964731
      0.28938368
      0.28933088
      0.28948666
      0.28995294
      0.29073468
      0.29151104
      0.29203924
      0.29226775
      0.29241148
      0.29273904
      0.29329988
      0.29399329
      0.29527775
      0.29781942
      0.30121300
      0.30421717
      0.30649779
      0.30901764
      0.31229956
      0.31602811
      0.31969566
      0.32327633
      0.32743613
      0.33267797
      0.33896302
      0.34601450
      0.35356231
      0.36145799
      0.36963354
      0.37807261
      0.38676684
      0.39570799
      0.40494092
      0.41456997
      0.42471888
      0.43538394
      0.44634526
      0.45725385
      0.46798607
      0.47890781
      0.49077853
      0.50379090
      0.51630932
      0.52610007
      0.53241046
      0.53607676
      0.53913452
      0.54307748
      0.54821261
      0.55441477
      0.56146667
      0.56913855
      0.57717995
      0.58522728
      0.59297348
      0.60049417
      0.60823728
      0.61631505
      0.62400452
      0.63011527
      0.63376768
      0.63509594
      0.63503417
      0.63475963
      0.63498950
      0.63618156
      0.63821778
      0.64061236
      0.64303830
      0.64534391
      0.64753065
      0.64961556
      0.65154335
      0.65314774
      0.65430672
      0.65500628
      0.65531292
      0.65529564
      0.65497645
      0.65441284
      0.65374272
      0.65315931
      0.65278044
      0.65255500
      0.65235681
      0.65212003
      0.65192342
      0.65186707
      0.65179625
      0.65129528
      0.65005577
      0.64815792
      0.64595915
      0.64391952
      0.64233281
      0.64099774
      0.63944892
      0.63735997
      0.63467033
      0.63149203
      0.62809780
      0.62476084
      0.62124164
      0.61646537
      0.60975000
      0.60188112
      0.59466027
      0.58908351
      0.58500975
      0.58181656
      0.57901198
      0.57637514
      0.57384268
      0.57142191
      0.56915663
      0.56706482
      0.56507408
      0.56304484
      0.56084800
      0.55843210
      0.55583257
      0.55313291
      0.55044257
      0.54789009
      0.54559663
      0.54360929
      0.54179097
      0.53983661
      0.53750388
      0.53486872
      0.53229450
      0.52995678
      0.52751489
      0.52435604
      0.52021269
      0.51508659
      0.50901928
      0.50199185
      0.49434827
      0.48680400
      0.47992075
      0.47375452
      0.46796451
      0.46221663
      0.45644443
      0.45077416
      0.44534616
      0.44019942
      0.43532781
      0.43072073
      0.42635751
      0.42220989
      0.41822678
      0.41431628
      0.41040790
      0.40650989
      0.40267905
      0.39894095
      0.39525591
      0.39160769
      0.38799183
      0.38429565
      0.38013972
      0.37521623
      0.36979064
      0.36440112
      0.35941379
      0.35484989
      0.35061027
      0.34669968
      0.34314137
      0.33974080
      0.33615421
      0.33213847
      0.32769987
      0.32308945
      0.31856388
      0.31420117
      0.30998370
      0.30594665
      0.30216179
      0.29868457
      0.29549451
      0.29251810
      0.28967704
      0.28691281
      0.28419303
      0.28148006
      0.27870619
      0.27581037
      0.27284889
      0.27000129
      0.26730850
      0.26463641
      0.26191025
      0.25911409
      0.25591187
      0.25182977
      0.24688778
      0.24167245
      0.23684042
      0.23269746
      0.22919527
      0.22611010
      0.22321316
      0.22034233
      0.21736420
      0.21412948
      0.21053502
      0.20664571
      0.20271144
      0.19900825
      0.19566743
      0.19264852
      0.18984142
      0.18712049
      0.18443070
      0.18172702
      0.17893859
      0.17600393
      0.17293760
      0.16984854
      0.16686865
      0.16405381
      0.16136078
      0.15873384
      0.15617262
      0.15371613
      0.15139377
      0.14918841
      0.14705505
      0.14496228
      0.14287324
      0.14074363
      0.13859384
      0.13646069
      0.13430909
      0.13213164
      0.13003491
      0.12808578
      0.12615280
      0.12406125
      0.12178927
      0.11942786
      0.11708447
      0.11484717
      0.11277488
      0.11089365
      0.10919362
      0.10763774
      0.10617415
      0.10472583
      0.10317077
      0.10138659
     0.099360639
     0.097170159
     0.094890043
     0.092577085
     0.090315941
     0.088221604
     0.086374949
     0.084775291
     0.083351116
     0.082019268
     0.080739074
     0.079513035
     0.078345665
     0.077222617
     0.076137773
     0.075109740
     0.074160653
     0.073286538
     0.072452568
     0.071643568
     0.070872455
     0.070136636
     0.069414604
     0.068687390
     0.067928656
     0.067111933
     0.066236196
     0.065326858
     0.064415495
     0.063522559
     0.062653859
     0.061806350
     0.060973419
     0.060148602
     0.059328333
     0.058513169
     0.057706033
     0.056909475
     0.056124561
     0.055351238
     0.054588870
     0.053836526
     0.053093153
     0.052357611
     0.051628352
     0.050902522
