       12.755650
       12.719384
       12.683178
       12.647059
       12.611033
       12.575099
       12.539258
       12.503508
       12.467851
       12.432286
       12.396812
       12.361430
       12.326139
       12.290938
       12.255828
       12.220808
       12.185879
       12.151039
       12.116288
       12.081628
       12.047056
       12.012574
       11.978181
       11.943878
       11.909668
       11.875553
       11.841539
       11.807635
       11.773853
       11.740213
       11.706738
       11.673455
       11.640387
       11.607536
       11.574866
       11.542271
       11.509561
       11.476456
       11.442607
       11.407643
       11.371245
       11.333196
       11.293412
       11.251935
       11.208868
       11.164319
       11.118338
       11.070878
       11.021807
       10.970994
       10.918583
       10.865425
       10.813431
       10.765561
       10.724999
       10.693886
       10.672967
       10.661700
       10.658759
       10.662610
       10.671820
       10.685138
       10.701504
       10.720028
       10.739967
       10.760712
       10.781791
       10.802881
       10.823796
       10.844473
       10.864935
       10.885255
       10.905506
       10.925753
       10.946056
       10.966484
       10.987088
       11.007891
       11.028861
       11.049915
       11.070919
       11.091725
       11.112173
       11.132119
       11.151447
       11.170072
       11.187935
       11.205009
       11.221287
       11.236785
       11.251539
       11.265613
       11.279083
       11.292039
       11.304563
       11.316730
       11.328606
       11.340247
       11.351698
       11.362992
       11.374143
       11.385146
       11.395970
       11.406564
       11.416860
       11.426776
       11.436237
       11.445180
       11.453566
       11.461392
       11.468679
       11.475469
       11.481810
       11.487733
       11.493266
       11.498417
       11.503207
       11.507666
       11.511827
       11.515720
       11.519353
       11.522703
       11.525710
       11.528280
       11.530300
       11.531645
       11.532188
       11.531826
       11.530480
       11.528100
       11.524687
       11.520258
       11.514874
       11.508607
       11.501538
       11.493774
       11.485402
       11.476523
       11.467216
       11.457538
       11.447539
       11.437245
       11.426667
       11.415798
       11.404621
       11.393116
       11.381269
       11.369077
       11.356543
       11.343677
       11.330498
       11.317029
       11.303281
       11.289254
       11.274957
       11.260395
       11.245558
       11.230439
       11.215044
       11.199381
       11.183458
       11.167281
       11.150867
       11.134230
       11.117377
       11.100319
       11.083065
       11.065645
       11.048098
       11.030473
       11.012825
       10.995194
       10.977605
       10.960063
       10.942538
       10.924985
       10.907348
       10.889552
       10.871526
       10.853203
       10.834532
       10.815469
       10.795986
       10.776079
       10.755740
       10.734965
       10.713764
       10.692157
       10.670147
       10.647722
       10.624875
       10.601601
       10.577885
       10.553710
       10.529048
       10.503873
       10.478148
       10.451836
       10.424898
       10.397289
       10.368967
       10.339885
       10.310004
       10.279301
       10.247763
       10.215402
       10.182238
       10.148307
       10.113660
       10.078351
       10.042433
       10.005955
       9.9689588
       9.9314881
       9.8935675
       9.8552413
       9.8165400
       9.7775084
       9.7381984
       9.6986689
       9.6589904
       9.6192389
       9.5794985
       9.5398821
       9.5005145
       9.4615302
       9.4230284
       9.3849622
       9.3470866
       9.3090133
       9.2703579
       9.2308845
       9.1905616
       9.1494985
       9.1078261
       9.0656253
       9.0229190
       8.9796343
       8.9357314
       8.8911810
       8.8458638
       8.7998590
       8.7531850
       8.7058743
       8.6579863
       8.6095854
       8.5607510
       8.5115736
       8.4621591
       8.4126140
       8.3630395
       8.3135287
       8.2641571
       8.2150007
       8.1661245
       8.1175945
       8.0694689
       8.0218001
       7.9746371
       7.9280192
       7.8819807
       7.8365497
       7.7917543
       7.7476256
       7.7041968
       7.6615115
       7.6196122
       7.5785330
       7.5383037
       7.4989359
       7.4604315
       7.4227806
       7.3859781
       7.3500093
       7.3148627
       7.2805147
       7.2469259
       7.2140311
       7.1817069
       7.1497754
       7.1180272
       7.0862914
       7.0544834
       7.0226304
       6.9908564
       6.9593733
       6.9284162
       6.8982712
       6.8692733
       6.8415677
       6.8148246
       6.7882598
       6.7610858
       6.7327807
       6.7031652
       6.6724559
       6.6411433
       6.6097155
       6.5785307
       6.5478143
       6.5177064
       6.4882930
       6.4596073
       6.4316129
       6.4041731
       6.3770424
       6.3498883
       6.3223396
       6.2940572
       6.2647948
       6.2344381
       6.2030067
       6.1706233
       6.1374622
       6.1037071
       6.0695078
       6.0349485
       6.0000739
       5.9648807
       5.9293014
       5.8932560
       5.8566163
       5.8192433
       5.7809973
       5.7417563
       5.7014351
       5.6600048
       5.6175123
       5.5740977
       5.5295446
       5.4831100
       5.4331241
       5.3773779
       5.3148265
       5.2472711
       5.1787413
       5.1110105
       5.0443295
       4.9782962
       4.9124315
       4.8462528
       4.7795882
       4.7123786
       4.6446065
       4.5762255
       4.5071905
       4.4374794
       4.3670853
       4.2959739
       4.2241184
       4.1515402
       4.0782421
       4.0042738
       3.9296727
       3.8544930
       3.7787809
       3.7025926
       3.6260103
       3.5492894
       3.4730310
       3.3983605
       3.3261527
       3.2561828
       3.1862919
       3.1139141
       3.0383297
       2.9606944
       2.8817795
       2.8014646
       2.7194043
       2.6358638
       2.5517608
       2.4678166
       2.3843983
       2.3017388
       2.2201302
       2.1399481
       2.0616049
       1.9854645
       1.9120727
       1.8423873
       1.7783963
       1.7211496
       1.6685403
       1.6149843
       1.5570727
       1.4959985
       1.4356571
       1.3805898
       1.3308733
       1.2850208
       1.2423716
       1.2028030
       1.1662190
       1.1323858
       1.1009175
       1.0713962
       1.0435154
       1.0171377
      0.99230657
      0.96915100
      0.94772900
      0.92806369
      0.90997936
      0.89334140
      0.87794857
      0.86377486
      0.85087040
      0.83940285
      0.82966492
      0.82205138
      0.81677080
      0.81337721
      0.81029317
      0.80641889
      0.80193298
      0.79750573
      0.79338986
      0.78955037
      0.78598756
      0.78264979
      0.77931512
      0.77567864
      0.77153636
      0.76682225
      0.76162560
      0.75616781
      0.75071659
      0.74541265
      0.74037529
      0.73568654
      0.73139188
      0.72746004
      0.72379088
      0.72027990
      0.71691309
      0.71379422
      0.71110801
      0.70907261
      0.70791163
      0.70780526
      0.70890896
      0.71132611
      0.71511062
      0.72029821
      0.72689524
      0.73493846
      0.74443907
      0.75542917
      0.76793682
      0.78195015
      0.79745158
      0.81439935
      0.83271809
      0.85227027
      0.87285648
      0.89422217
      0.91610575
      0.93831907
      0.96069969
      0.98317876
       1.0057901
       1.0287567
       1.0524090
       1.0768094
       1.1014529
       1.1253759
       1.1477268
       1.1683848
       1.1878303
       1.2062283
       1.2234290
       1.2390623
       1.2530302
       1.2654241
       1.2761911
       1.2852541
       1.2924300
       1.2975417
       1.3004544
       1.3011139
       1.2993844
       1.2947213
       1.2864732
       1.2743462
       1.2589818
       1.2415785
       1.2231113
       1.2041315
       1.1848127
       1.1651369
       1.1450641
       1.1245874
       1.1037299
       1.0825283
       1.0609802
       1.0390345
       1.0165783
      0.99357600
      0.97009031
      0.94631308
      0.92250357
      0.89891015
      0.87572385
      0.85304672
      0.83088258
      0.80917259
      0.78783639
      0.76680202
      0.74602870
      0.72553669
      0.70538381
      0.68573197
      0.66684306
      0.64899014
      0.63232969
      0.61685444
      0.60246965
      0.58915651
      0.57693667
      0.56552561
      0.55445144
      0.54350131
      0.53269757
      0.52215032
      0.51186967
      0.50174505
      0.49187924
      0.48246554
      0.47363763
      0.46547271
      0.45795621
      0.45104424
      0.44469053
      0.43886946
      0.43373008
      0.42947321
      0.42616770
      0.42372484
      0.42197927
      0.42073994
      0.41989127
      0.41929573
      0.41891336
      0.41863241
      0.41818923
      0.41742831
      0.41646638
      0.41557007
      0.41504982
      0.41466982
      0.41368140
      0.41184451
      0.40960062
      0.40779350
      0.40660514
      0.40571894
      0.40483960
      0.40371412
      0.40220150
      0.40037485
      0.39826695
      0.39570865
      0.39261144
      0.38900252
      0.38535451
      0.38230963
      0.38017738
      0.37884974
      0.37819098
      0.37814684
      0.37874595
      0.38002202
      0.38197728
      0.38461231
      0.38792576
      0.39190666
      0.39656939
      0.40192107
      0.40799092
      0.41483442
      0.42248055
      0.43097741
      0.44032016
      0.45033724
      0.46094529
      0.47224950
      0.48340478
      0.49263304
      0.49979100
      0.50563151
      0.51243865
      0.52101124
      0.53064104
      0.54083094
      0.55160363
      0.56305403
      0.57516670
      0.58783036
      0.60080004
      0.61375956
      0.62647645
      0.63883480
      0.65072775
      0.66228426
      0.67378878
      0.68489819
      0.69493103
      0.70453349
      0.71519355
      0.72684629
      0.73750656
      0.74574554
      0.75172156
      0.75670574
      0.76180872
      0.76731702
      0.77296628
      0.77839933
      0.78346040
      0.78834888
      0.79337466
      0.79807057
      0.80110290
      0.80118633
      0.79804293
      0.79257313
      0.78610394
      0.77953567
      0.77322044
      0.76714701
      0.76117154
      0.75513787
      0.74896674
      0.74264076
      0.73613357
      0.72944780
      0.72258535
      0.71548848
      0.70810024
      0.70043092
      0.69248255
      0.68426409
      0.67567289
      0.66619418
      0.65501589
      0.64151431
      0.62546878
      0.60757457
      0.58931054
      0.57229289
      0.55677544
      0.54170559
      0.52676451
      0.51269556
      0.50005827
      0.48872924
      0.47827898
      0.46853610
      0.45957712
      0.45144959
      0.44411993
      0.43749613
      0.43146326
      0.42594480
      0.42088625
      0.41622966
      0.41192785
      0.40798162
      0.40447077
      0.40152310
      0.39920276
      0.39750107
      0.39620365
      0.39488067
      0.39337088
      0.39179890
      0.39000239
      0.38740386
      0.38363844
      0.37905859
      0.37446279
      0.37045451
      0.36719229
      0.36474196
      0.36301840
      0.36189583
      0.36153199
      0.36195021
      0.36230730
      0.36179873
      0.36086376
      0.36014817
      0.35980707
      0.35945172
      0.35905061
      0.35895738
      0.35925905
      0.35971887
      0.36011446
      0.36047637
      0.36117487
      0.36225491
      0.36287686
      0.36252021
      0.36163796
      0.36011618
      0.35723770
      0.35295642
      0.34793884
      0.34305326
      0.33875354
      0.33504295
      0.33167876
      0.32849668
      0.32570959
      0.32361743
      0.32212006
      0.32078315
      0.31949316
      0.31878596
      0.31898732
      0.31912157
      0.31803825
      0.31573449
      0.31362780
      0.31300294
      0.31397405
      0.31572552
      0.31735319
      0.31849920
      0.31920051
      0.32003704
      0.32138502
      0.32297176
      0.32461606
      0.32643598
      0.32853908
      0.33097588
      0.33366539
      0.33650537
      0.33933270
      0.34229958
      0.34606627
      0.35112271
      0.35743330
      0.36467782
      0.37270944
      0.38156911
      0.39114696
      0.40096400
      0.41005289
      0.41777121
      0.42443413
      0.43083330
      0.43772052
      0.44527092
      0.45330172
      0.46177326
      0.47077920
      0.48028994
      0.49024089
      0.50062424
      0.51147347
      0.52262533
      0.53369135
      0.54446695
      0.55503050
      0.56574206
      0.57694538
      0.58856680
      0.60012665
      0.61146072
      0.62298295
      0.63468011
      0.64515884
      0.65217017
      0.65482793
      0.65462531
      0.65379112
      0.65381143
      0.65456522
      0.65517872
      0.65547417
      0.65618134
      0.65785824
      0.66046105
      0.66363607
      0.66705145
      0.67056645
      0.67420415
      0.67795691
      0.68164872
      0.68497260
      0.68777202
      0.69022937
      0.69271752
      0.69545461
      0.69811735
      0.69959024
      0.69873607
      0.69571464
      0.69134750
      0.68718035
      0.68460533
      0.68380856
      0.68416438
      0.68495275
      0.68568802
      0.68626239
      0.68692865
      0.68807171
      0.68972919
      0.69117727
      0.69139998
      0.68968576
      0.68629964
      0.68228203
      0.67842232
      0.67464612
      0.67070547
      0.66706100
      0.66417528
      0.66096651
      0.65540061
      0.64718525
      0.63831930
      0.63100367
      0.62571392
      0.62180567
      0.61850998
      0.61540100
      0.61230799
      0.60916156
      0.60590611
      0.60250943
      0.59900568
      0.59548828
      0.59206517
      0.58885950
      0.58598739
      0.58351600
      0.58146010
      0.57979405
      0.57845471
      0.57729931
      0.57604909
      0.57431018
      0.57185979
      0.56887966
      0.56572534
      0.56247145
      0.55862879
      0.55355530
      0.54690822
      0.53884225
      0.53001007
      0.52132684
      0.51343018
      0.50644929
      0.50023636
      0.49460440
      0.48935137
      0.48419969
      0.47891419
      0.47348823
      0.46818726
      0.46330899
      0.45888159
      0.45461590
      0.45008105
      0.44497851
      0.43937458
      0.43359725
      0.42793473
      0.42254311
      0.41747737
      0.41273914
      0.40828941
      0.40404786
      0.39990864
      0.39580513
      0.39172003
      0.38760119
      0.38326956
      0.37862073
      0.37380847
      0.36912981
      0.36467156
      0.36019704
      0.35553822
      0.35077635
      0.34610479
      0.34162664
      0.33730882
      0.33312973
      0.32919141
      0.32553911
      0.32204458
      0.31848786
      0.31475322
      0.31090629
      0.30707881
      0.30332056
      0.29960411
      0.29591731
      0.29229895
      0.28880945
      0.28550151
      0.28242460
      0.27958128
      0.27684622
      0.27399405
      0.27102201
      0.26818008
      0.26540311
      0.26231356
      0.25879281
      0.25496112
      0.25091993
      0.24666854
      0.24220657
      0.23768500
      0.23331750
      0.22921961
      0.22535381
      0.22166442
      0.21818352
      0.21490378
      0.21169552
      0.20845525
      0.20520625
      0.20203320
      0.19899427
      0.19608940
      0.19328738
      0.19056029
      0.18789458
      0.18526503
      0.18258983
      0.17972700
      0.17657191
      0.17319007
      0.16977482
      0.16650891
      0.16347226
      0.16066237
      0.15804352
      0.15558488
      0.15326216
      0.15106408
      0.14899550
      0.14705343
      0.14521783
      0.14345971
      0.14173969
      0.14000418
      0.13816641
      0.13615887
      0.13404743
      0.13196753
      0.12991051
      0.12775646
      0.12547740
      0.12318756
      0.12102397
      0.11904524
      0.11722577
      0.11551450
      0.11386552
      0.11223814
      0.11059386
      0.10888873
      0.10707993
      0.10513102
      0.10303265
      0.10081001
     0.098534709
     0.096309535
     0.094214618
     0.092283800
     0.090510536
     0.088869453
     0.087329055
     0.085868433
     0.084478523
     0.083153657
     0.081880032
     0.080638908
     0.079435667
     0.078296357
     0.077247228
     0.076294777
     0.075422233
     0.074601192
     0.073802784
     0.073001189
     0.072187304
     0.071364310
     0.070529930
     0.069679932
     0.068823721
     0.067971490
     0.067121212
     0.066265255
     0.065394237
     0.064504147
     0.063601366
     0.062702011
     0.061822900
     0.060968697
     0.060134316
     0.059313072
     0.058501148
     0.057697537
     0.056903161
     0.056119603
     0.055347601
     0.054586569
     0.053835279
     0.053092562
     0.052357361
     0.051628260
     0.050902491
