       12.755633
       12.719380
       12.683177
       12.647059
       12.611033
       12.575099
       12.539258
       12.503508
       12.467851
       12.432286
       12.396812
       12.361430
       12.326139
       12.290938
       12.255828
       12.220808
       12.185879
       12.151039
       12.116288
       12.081627
       12.047056
       12.012573
       11.978178
       11.943873
       11.909657
       11.875532
       11.841501
       11.807568
       11.773743
       11.740041
       11.706483
       11.673098
       11.639921
       11.606985
       11.574307
       11.541872
       11.509611
       11.477389
       11.445003
       11.412205
       11.378738
       11.344380
       11.308983
       11.272488
       11.234911
       11.196270
       11.156477
       11.115202
       11.071795
       11.025364
       10.975206
       10.921579
       10.866506
       10.813831
       10.767943
       10.731751
       10.705829
       10.689012
       10.679438
       10.675390
       10.675541
       10.678923
       10.684818
       10.692673
       10.702050
       10.712610
       10.724094
       10.736315
       10.749154
       10.762543
       10.776465
       10.790886
       10.805661
       10.820557
       10.835426
       10.850212
       10.864885
       10.879431
       10.893861
       10.908182
       10.922362
       10.936334
       10.950034
       10.963403
       10.976389
       10.988951
       11.001075
       11.012772
       11.024074
       11.035008
       11.045623
       11.055987
       11.066162
       11.076208
       11.086167
       11.096056
       11.105859
       11.115526
       11.124986
       11.134145
       11.142896
       11.151140
       11.158793
       11.165789
       11.172084
       11.177653
       11.182479
       11.186539
       11.189812
       11.192280
       11.193946
       11.194835
       11.194989
       11.194489
       11.193464
       11.192039
       11.190341
       11.188481
       11.186542
       11.184588
       11.182711
       11.180882
       11.179047
       11.177135
       11.175027
       11.172605
       11.169710
       11.166145
       11.161701
       11.156199
       11.149516
       11.141585
       11.132397
       11.122021
       11.110565
       11.098179
       11.085033
       11.071310
       11.057200
       11.042879
       11.028516
       11.014259
       11.000235
       10.986539
       10.973240
       10.960379
       10.947963
       10.935978
       10.924391
       10.913154
       10.902213
       10.891502
       10.880962
       10.870515
       10.860078
       10.849539
       10.838745
       10.827464
       10.815378
       10.802100
       10.787226
       10.770431
       10.751566
       10.730713
       10.708178
       10.684447
       10.660089
       10.635679
       10.611644
       10.588377
       10.566187
       10.544710
       10.523436
       10.501873
       10.479696
       10.456880
       10.433674
       10.410256
       10.386679
       10.362957
       10.339127
       10.315235
       10.291316
       10.267382
       10.243428
       10.219445
       10.195410
       10.171296
       10.147077
       10.122721
       10.098216
       10.073552
       10.048714
       10.023677
       9.9984192
       9.9729079
       9.9471009
       9.9209470
       9.8944002
       9.8673982
       9.8398917
       9.8118346
       9.7831904
       9.7539359
       9.7240553
       9.6935403
       9.6623842
       9.6305930
       9.5981778
       9.5651546
       9.5315478
       9.4973755
       9.4626664
       9.4274336
       9.3916968
       9.3554755
       9.3187871
       9.2816568
       9.2441082
       9.2061662
       9.1678531
       9.1291895
       9.0902029
       9.0509358
       9.0114696
       8.9719455
       8.9325675
       8.8935508
       8.8549958
       8.8167149
       8.7782123
       8.7388973
       8.6984304
       8.6569045
       8.6146578
       8.5720086
       8.5291352
       8.4860943
       8.4428964
       8.3995240
       8.3559555
       8.3121620
       8.2681156
       8.2237911
       8.1791618
       8.1342111
       8.0889303
       8.0433142
       7.9973642
       7.9510915
       7.9045114
       7.8576439
       7.8105202
       7.7631824
       7.7156823
       7.6680834
       7.6204673
       7.5729347
       7.5256083
       7.4786456
       7.4322578
       7.3867291
       7.3423786
       7.2993974
       7.2576320
       7.2165283
       7.1754819
       7.1345659
       7.0940337
       7.0539253
       7.0143401
       6.9754574
       6.9374266
       6.9003183
       6.8641290
       6.8287768
       6.7941119
       6.7599316
       6.7260137
       6.6922106
       6.6585506
       6.6252267
       6.5924550
       6.5603328
       6.5288591
       6.4979589
       6.4675039
       6.4373601
       6.4074169
       6.3776229
       6.3479479
       6.3183779
       6.2889066
       6.2594986
       6.2300826
       6.2005737
       6.1708652
       6.1408605
       6.1105048
       6.0797761
       6.0486890
       6.0172813
       5.9855988
       5.9536839
       5.9215697
       5.8892801
       5.8568315
       5.8242335
       5.7914855
       5.7585783
       5.7254812
       5.6921521
       5.6585344
       5.6245688
       5.5902076
       5.5554177
       5.5201801
       5.4844720
       5.4482522
       5.4114741
       5.3740654
       5.3359511
       5.2970077
       5.2570188
       5.2156785
       5.1726286
       5.1276274
       5.0808239
       5.0328342
       4.9844923
       4.9362099
       4.8883202
       4.8409302
       4.7939633
       4.7472994
       4.7009911
       4.6551725
       4.6100855
       4.5659992
       4.5228495
       4.4799943
       4.4364799
       4.3914116
       4.3442881
       4.2954191
       4.2455909
       4.1953768
       4.1449956
       4.0944037
       4.0433319
       3.9911757
       3.9367849
       3.8791988
       3.8184663
       3.7552328
       3.6899647
       3.6227593
       3.5536454
       3.4827814
       3.4105737
       3.3375385
       3.2642938
       3.1910685
       3.1165814
       3.0380582
       2.9538152
       2.8648288
       2.7738157
       2.6839995
       2.5962008
       2.5095759
       2.4234817
       2.3378043
       2.2527913
       2.1688146
       2.0861952
       2.0051957
       1.9260187
       1.8488253
       1.7737502
       1.7008951
       1.6303653
       1.5622135
       1.4965560
       1.4334506
       1.3730724
       1.3155516
       1.2610743
       1.2098253
       1.1619443
       1.1174975
       1.0765019
       1.0389130
       1.0046437
      0.97359727
      0.94575410
      0.92141774
      0.90088808
      0.88405331
      0.86973678
      0.85617219
      0.84246915
      0.82915767
      0.81686226
      0.80547400
      0.79453288
      0.78389042
      0.77398315
      0.76507668
      0.75725610
      0.75049441
      0.74465286
      0.73956255
      0.73506291
      0.73104817
      0.72747598
      0.72433621
      0.72160004
      0.71920956
      0.71710033
      0.71516984
      0.71328227
      0.71123673
      0.70875869
      0.70558810
      0.70166132
      0.69710293
      0.69217138
      0.68714444
      0.68229223
      0.67783570
      0.67389752
      0.67046332
      0.66749576
      0.66507993
      0.66337375
      0.66247176
      0.66248751
      0.66345398
      0.66534357
      0.66825159
      0.67238396
      0.67803094
      0.68533495
      0.69406701
      0.70353388
      0.71270661
      0.72098826
      0.72901928
      0.73805572
      0.74871315
      0.76122790
      0.77553192
      0.79138881
      0.80851596
      0.82663525
      0.84548198
      0.86483135
      0.88449822
      0.90437345
      0.92437761
      0.94442867
      0.96445480
      0.98437365
       1.0039035
       1.0228282
       1.0413016
       1.0590619
       1.0748013
       1.0874108
       1.0958582
       1.1003936
       1.1025488
       1.1045148
       1.1071416
       1.1101063
       1.1129033
       1.1150082
       1.1162310
       1.1164878
       1.1156703
       1.1136148
       1.1101907
       1.1052982
       1.0988795
       1.0911180
       1.0823339
       1.0727941
       1.0625982
       1.0516061
       1.0394925
       1.0260017
       1.0112895
      0.99580623
      0.98004404
      0.96447524
      0.94951303
      0.93517953
      0.92070930
      0.90514854
      0.88801182
      0.86963028
      0.85048069
      0.83073755
      0.81029414
      0.78887331
      0.76641675
      0.74305658
      0.71917737
      0.69537473
      0.67220429
      0.65014737
      0.62950139
      0.61030298
      0.59240921
      0.57562656
      0.55986123
      0.54522594
      0.53206900
      0.52080423
      0.51148845
      0.50365215
      0.49610644
      0.48816813
      0.47997223
      0.47173144
      0.46370378
      0.45607039
      0.44897583
      0.44247805
      0.43645064
      0.43053470
      0.42444971
      0.41810616
      0.41169371
      0.40566699
      0.40025453
      0.39545748
      0.39125668
      0.38763332
      0.38457543
      0.38207085
      0.38009545
      0.37860026
      0.37748858
      0.37666363
      0.37606763
      0.37571135
      0.37559969
      0.37564931
      0.37569612
      0.37560302
      0.37528900
      0.37471876
      0.37372609
      0.37226316
      0.37001058
      0.36653795
      0.36175071
      0.35593173
      0.34983108
      0.34430857
      0.33967513
      0.33614424
      0.33411794
      0.33359435
      0.33416666
      0.33519645
      0.33626570
      0.33742931
      0.33876211
      0.34033910
      0.34224910
      0.34448127
      0.34701198
      0.34981333
      0.35298525
      0.35666929
      0.36101609
      0.36609889
      0.37190719
      0.37844202
      0.38571460
      0.39379314
      0.40268364
      0.41233021
      0.42279965
      0.43408129
      0.44563193
      0.45640996
      0.46632710
      0.47647566
      0.48747072
      0.49914640
      0.51113064
      0.52319577
      0.53545605
      0.54782902
      0.56012452
      0.57227308
      0.58431226
      0.59625789
      0.60771874
      0.61804846
      0.62694521
      0.63504270
      0.64340544
      0.65207089
      0.66019587
      0.66714534
      0.67316817
      0.67894669
      0.68504921
      0.69139541
      0.69751994
      0.70322691
      0.70855097
      0.71285292
      0.71443463
      0.71279939
      0.70736076
      0.70037336
      0.69503412
      0.69198517
      0.69013466
      0.68853194
      0.68677966
      0.68468926
      0.68219389
      0.67947714
      0.67691266
      0.67459558
      0.67185030
      0.66776301
      0.66180284
      0.65418395
      0.64619029
      0.63859651
      0.63112333
      0.62331514
      0.61514696
      0.60676162
      0.59820910
      0.58949996
      0.58073698
      0.57205537
      0.56356879
      0.55515687
      0.54667955
      0.53821215
      0.52918302
      0.51864930
      0.50667560
      0.49435410
      0.48283560
      0.47270960
      0.46393433
      0.45628768
      0.44961978
      0.44390005
      0.43903925
      0.43481036
      0.43083522
      0.42659518
      0.42196037
      0.41725330
      0.41251147
      0.40725689
      0.40073938
      0.39271598
      0.38410684
      0.37631838
      0.36997254
      0.36505479
      0.36130773
      0.35841545
      0.35602850
      0.35398930
      0.35234751
      0.35112660
      0.35022814
      0.34952507
      0.34916306
      0.34925964
      0.34917882
      0.34823473
      0.34707838
      0.34668448
      0.34637168
      0.34462652
      0.34128245
      0.33735089
      0.33367045
      0.33067200
      0.32850901
      0.32713447
      0.32616449
      0.32498908
      0.32317081
      0.32082897
      0.31837185
      0.31610083
      0.31413681
      0.31248870
      0.31112725
      0.30988394
      0.30863356
      0.30736197
      0.30622417
      0.30529355
      0.30437170
      0.30332515
      0.30214242
      0.30075395
      0.29889606
      0.29667832
      0.29466885
      0.29305567
      0.29143355
      0.28952171
      0.28736077
      0.28536435
      0.28403037
      0.28372481
      0.28436221
      0.28563358
      0.28731800
      0.28935002
      0.29182066
      0.29491590
      0.29848308
      0.30199208
      0.30498029
      0.30700792
      0.30856211
      0.31067677
      0.31393168
      0.31789748
      0.32205560
      0.32656646
      0.33180626
      0.33746834
      0.34258556
      0.34663037
      0.34991326
      0.35303953
      0.35651031
      0.36096829
      0.36690574
      0.37350898
      0.37940565
      0.38442498
      0.38941531
      0.39540606
      0.40260685
      0.41071229
      0.41936176
      0.42845290
      0.43799658
      0.44798366
      0.45847633
      0.46964812
      0.48132767
      0.49267199
      0.50254323
      0.51041047
      0.51670981
      0.52247636
      0.52852247
      0.53522494
      0.54259153
      0.55046416
      0.55869245
      0.56717340
      0.57583189
      0.58455609
      0.59315753
      0.60148668
      0.60953142
      0.61730575
      0.62485289
      0.63225833
      0.63958160
      0.64658861
      0.65230771
      0.65599424
      0.65794073
      0.65922505
      0.66118754
      0.66432443
      0.66864607
      0.67410388
      0.68015192
      0.68552625
      0.68884093
      0.68956588
      0.68826315
      0.68608666
      0.68401678
      0.68254969
      0.68192167
      0.68197345
      0.68214676
      0.68175911
      0.68030813
      0.67771201
      0.67436149
      0.67083776
      0.66769555
      0.66527554
      0.66354816
      0.66219240
      0.66085381
      0.65937051
      0.65779855
      0.65624085
      0.65467085
      0.65296986
      0.65109207
      0.64910521
      0.64713878
      0.64533430
      0.64378255
      0.64245670
      0.64119580
      0.63967356
      0.63744194
      0.63430527
      0.63051160
      0.62668232
      0.62350813
      0.62091867
      0.61800423
      0.61382036
      0.60822229
      0.60195567
      0.59573610
      0.58991455
      0.58465799
      0.58006490
      0.57595557
      0.57167527
      0.56657715
      0.56067450
      0.55483060
      0.54982065
      0.54574121
      0.54225869
      0.53897029
      0.53554532
      0.53178338
      0.52767549
      0.52344813
      0.51942763
      0.51579645
      0.51256214
      0.50964956
      0.50696166
      0.50439413
      0.50185912
      0.49930682
      0.49672213
      0.49415243
      0.49172060
      0.48952785
      0.48749419
      0.48534238
      0.48278102
      0.47963312
      0.47559809
      0.47000222
      0.46248036
      0.45374624
      0.44533758
      0.43811389
      0.43195055
      0.42633587
      0.42090068
      0.41555503
      0.41036133
      0.40537547
      0.40055905
      0.39579837
      0.39103163
      0.38631420
      0.38172752
      0.37727273
      0.37287152
      0.36839038
      0.36370894
      0.35885841
      0.35404681
      0.34954003
      0.34546749
      0.34181468
      0.33836970
      0.33480299
      0.33068247
      0.32604326
      0.32129607
      0.31680744
      0.31273966
      0.30908170
      0.30566737
      0.30218106
      0.29842052
      0.29451571
      0.29071039
      0.28705574
      0.28346198
      0.27986265
      0.27626065
      0.27269185
      0.26920854
      0.26585806
      0.26267463
      0.25968228
      0.25690189
      0.25432900
      0.25185950
      0.24936630
      0.24684163
      0.24428388
      0.24156603
      0.23863842
      0.23565208
      0.23254483
      0.22885083
      0.22436720
      0.21949506
      0.21482638
      0.21073707
      0.20726865
      0.20426599
      0.20151566
      0.19884443
      0.19616115
      0.19344356
      0.19070820
      0.18792142
      0.18493172
      0.18157910
      0.17795217
      0.17435839
      0.17104348
      0.16805706
      0.16533059
      0.16278917
      0.16037376
      0.15804249
      0.15574778
      0.15339735
      0.15086373
      0.14807832
      0.14513765
      0.14225373
      0.13958729
      0.13716702
      0.13494930
      0.13288033
      0.13091108
      0.12900477
      0.12713880
      0.12529608
      0.12347106
      0.12166540
      0.11986434
      0.11805122
      0.11623781
      0.11444100
      0.11263067
      0.11075063
      0.10878143
      0.10674877
      0.10470163
      0.10271547
      0.10087225
     0.099208650
     0.097703746
     0.096311138
     0.094972097
     0.093621768
     0.092184974
     0.090589164
     0.088824015
     0.086980887
     0.085177419
     0.083477234
     0.081868844
     0.080326793
     0.078868201
     0.077542443
     0.076369150
     0.075305467
     0.074292296
     0.073309965
     0.072360480
     0.071440533
     0.070545084
     0.069680077
     0.068856060
     0.068071749
     0.067315934
     0.066577394
     0.065837484
     0.065076654
     0.064287703
     0.063473053
     0.062639538
     0.061797884
     0.060957611
     0.060124515
     0.059301578
     0.058489951
     0.057689455
     0.056899362
     0.056119140
     0.055348648
     0.054587781
     0.053836159
     0.053093097
     0.052357662
     0.051628422
     0.050902585
