       12.755637
       12.719381
       12.683177
       12.647059
       12.611033
       12.575099
       12.539258
       12.503508
       12.467851
       12.432286
       12.396812
       12.361430
       12.326139
       12.290938
       12.255828
       12.220808
       12.185879
       12.151039
       12.116288
       12.081627
       12.047056
       12.012573
       11.978179
       11.943874
       11.909658
       11.875534
       11.841505
       11.807576
       11.773756
       11.740061
       11.706510
       11.673132
       11.639954
       11.607003
       11.574290
       11.541798
       11.509459
       11.477153
       11.444708
       11.411919
       11.378575
       11.344492
       11.309538
       11.273655
       11.236861
       11.199221
       11.160796
       11.121545
       11.081201
       11.039211
       10.994903
       10.948064
       10.899772
       10.852815
       10.810950
       10.777248
       10.753087
       10.738302
       10.731885
       10.732591
       10.739237
       10.750810
       10.766501
       10.785663
       10.807762
       10.832320
       10.858900
       10.887083
       10.916470
       10.946688
       10.977395
       11.008287
       11.039119
       11.069710
       11.099945
       11.129766
       11.159164
       11.188156
       11.216760
       11.244977
       11.272778
       11.300108
       11.326910
       11.353130
       11.378727
       11.403674
       11.427954
       11.451562
       11.474506
       11.496801
       11.518469
       11.539536
       11.560034
       11.579992
       11.599427
       11.618336
       11.636696
       11.654472
       11.671625
       11.688113
       11.703897
       11.718951
       11.733266
       11.746859
       11.759772
       11.772060
       11.783778
       11.794981
       11.805706
       11.815991
       11.825865
       11.835359
       11.844511
       11.853374
       11.861996
       11.870426
       11.878706
       11.886866
       11.894923
       11.902874
       11.910693
       11.918335
       11.925732
       11.932797
       11.939421
       11.945521
       11.951053
       11.956007
       11.960395
       11.964248
       11.967610
       11.970519
       11.973021
       11.975178
       11.977056
       11.978717
       11.980212
       11.981579
       11.982832
       11.983969
       11.984969
       11.985802
       11.986419
       11.986764
       11.986775
       11.986387
       11.985541
       11.984187
       11.982289
       11.979812
       11.976724
       11.972987
       11.968559
       11.963390
       11.957425
       11.950602
       11.942861
       11.934155
       11.924460
       11.913770
       11.902103
       11.889513
       11.876068
       11.861850
       11.846931
       11.831352
       11.815160
       11.798400
       11.781100
       11.763310
       11.745101
       11.726589
       11.707941
       11.689387
       11.671212
       11.653657
       11.636873
       11.620766
       11.605069
       11.589493
       11.573833
       11.558048
       11.542256
       11.526622
       11.511258
       11.496211
       11.481473
       11.467017
       11.452809
       11.438811
       11.424970
       11.411221
       11.397476
       11.383664
       11.369693
       11.355476
       11.340898
       11.325830
       11.310141
       11.293693
       11.276364
       11.258044
       11.238635
       11.218037
       11.196159
       11.172933
       11.148322
       11.122318
       11.094934
       11.066199
       11.036139
       11.004790
       10.972206
       10.938429
       10.903527
       10.867577
       10.830645
       10.792800
       10.754099
       10.714601
       10.674355
       10.633388
       10.591756
       10.549525
       10.506774
       10.463604
       10.420076
       10.376289
       10.332333
       10.288293
       10.244238
       10.200224
       10.156297
       10.112491
       10.068828
       10.025312
       9.9819297
       9.9386452
       9.8954073
       9.8521504
       9.8088000
       9.7652773
       9.7215161
       9.6774992
       9.6332805
       9.5889920
       9.5448754
       9.5012907
       9.4586229
       9.4170591
       9.3763868
       9.3360277
       9.2954106
       9.2544152
       9.2134117
       9.1729113
       9.1332797
       9.0946630
       9.0570392
       9.0203094
       8.9843303
       8.9489353
       8.9139665
       8.8792723
       8.8447508
       8.8103421
       8.7760444
       8.7418872
       8.7079211
       8.6742012
       8.6407811
       8.6077120
       8.5750394
       8.5428020
       8.5110282
       8.4797342
       8.4489184
       8.4185623
       8.3886509
       8.3591492
       8.3300362
       8.3012508
       8.2727336
       8.2444272
       8.2162592
       8.1881601
       8.1599516
       8.1313459
       8.1019605
       8.0713633
       8.0392175
       8.0054848
       7.9704874
       7.9347357
       7.8986539
       7.8624765
       7.8263604
       7.7903679
       7.7546341
       7.7192781
       7.6844341
       7.6502271
       7.6167699
       7.5841393
       7.5522850
       7.5210838
       7.4903468
       7.4598838
       7.4295652
       7.3993009
       7.3690150
       7.3386152
       7.3079861
       7.2769914
       7.2455442
       7.2136223
       7.1812769
       7.1484947
       7.1149705
       7.0799480
       7.0426177
       7.0024249
       6.9591383
       6.9128677
       6.8640260
       6.8130655
       6.7603442
       6.7060770
       6.6504301
       6.5936868
       6.5362198
       6.4784491
       6.4207458
       6.3633376
       6.3063048
       6.2497461
       6.1937883
       6.1378869
       6.0794873
       6.0145232
       5.9409320
       5.8610232
       5.7784410
       5.6973166
       5.6190293
       5.5423168
       5.4655346
       5.3876188
       5.3080877
       5.2268552
       5.1439946
       5.0597270
       4.9741997
       4.8875050
       4.7997603
       4.7110718
       4.6215310
       4.5313020
       4.4405423
       4.3493503
       4.2578185
       4.1661257
       4.0747949
       3.9847609
       3.8971111
       3.8121366
       3.7285850
       3.6436643
       3.5558275
       3.4651287
       3.3720458
       3.2765670
       3.1789778
       3.0807154
       2.9829390
       2.8857999
       2.7891063
       2.6928279
       2.5971990
       2.5027189
       2.4100857
       2.3199285
       2.2327765
       2.1489719
       2.0687252
       1.9922115
       1.9195153
       1.8507183
       1.7858372
       1.7247920
       1.6674327
       1.6135789
       1.5630474
       1.5156672
       1.4712239
       1.4294851
       1.3903699
       1.3538936
       1.3200691
       1.2889930
       1.2605769
       1.2346983
       1.2111399
       1.1897064
       1.1701791
       1.1523453
       1.1359986
       1.1209503
       1.1070961
       1.0944007
       1.0828606
       1.0724376
       1.0630641
       1.0546181
       1.0470147
       1.0402467
       1.0343767
       1.0295287
       1.0258649
       1.0234584
       1.0220155
       1.0208206
       1.0188920
       1.0155329
       1.0108105
       1.0053496
      0.99963540
      0.99403865
      0.98884350
      0.98431523
      0.98074304
      0.97838731
      0.97734640
      0.97760018
      0.97887972
      0.98054692
      0.98202729
      0.98341796
      0.98525475
      0.98809481
      0.99230348
      0.99821465
       1.0062990
       1.0169803
       1.0298254
       1.0433235
       1.0560272
       1.0680404
       1.0806119
       1.0949616
       1.1114929
       1.1302626
       1.1511372
       1.1739088
       1.1983713
       1.2242171
       1.2511711
       1.2788753
       1.3071151
       1.3357063
       1.3645436
       1.3935342
       1.4225466
       1.4514272
       1.4800162
       1.5081306
       1.5355358
       1.5619906
       1.5872692
       1.6112300
       1.6337709
       1.6547431
       1.6740691
       1.6916879
       1.7076628
       1.7220798
       1.7350975
       1.7467737
       1.7570632
       1.7656690
       1.7719485
       1.7752903
       1.7752671
       1.7712062
       1.7623479
       1.7492304
       1.7329089
       1.7137219
       1.6907589
       1.6637913
       1.6334669
       1.6007117
       1.5664758
       1.5313812
       1.4957656
       1.4599051
       1.4240164
       1.3883160
       1.3530461
       1.3184362
       1.2846205
       1.2515252
       1.2188334
       1.1859710
       1.1526737
       1.1190166
       1.0855734
       1.0530189
       1.0218422
      0.99231887
      0.96455362
      0.93855798
      0.91425635
      0.89153921
      0.87026996
      0.85030843
      0.83153137
      0.81388305
      0.79738651
      0.78186966
      0.76683398
      0.75115150
      0.73385446
      0.71519113
      0.69652545
      0.67935541
      0.66410217
      0.65043405
      0.63827137
      0.62801378
      0.61979624
      0.61347166
      0.60776794
      0.60167257
      0.59595538
      0.59144049
      0.58787031
      0.58487290
      0.58229644
      0.58013920
      0.57839928
      0.57708207
      0.57618546
      0.57568053
      0.57555302
      0.57585127
      0.57656990
      0.57768741
      0.57910775
      0.58064924
      0.58209372
      0.58324856
      0.58396443
      0.58419376
      0.58392253
      0.58317270
      0.58197022
      0.58035191
      0.57840040
      0.57625718
      0.57378828
      0.57030517
      0.56557621
      0.56054757
      0.55612607
      0.55252136
      0.54961453
      0.54750960
      0.54615660
      0.54521300
      0.54437810
      0.54355306
      0.54298238
      0.54321840
      0.54466542
      0.54743151
      0.55157403
      0.55705345
      0.56382554
      0.57183118
      0.58104545
      0.59143537
      0.60293848
      0.61533408
      0.62832630
      0.64176896
      0.65564681
      0.66978501
      0.68360085
      0.69629715
      0.70759618
      0.71840800
      0.72993177
      0.74306875
      0.75795165
      0.77394982
      0.79022099
      0.80672464
      0.82368475
      0.84126322
      0.85948261
      0.87836788
      0.89773587
      0.91694421
      0.93530064
      0.95242315
      0.96840681
      0.98331406
      0.99708105
       1.0096935
       1.0213089
       1.0320411
       1.0417667
       1.0503276
       1.0575586
       1.0634412
       1.0682839
       1.0723882
       1.0762342
       1.0805473
       1.0859894
       1.0925718
       1.0996926
       1.1058293
       1.1088428
       1.1079184
       1.1040067
       1.0991223
       1.0946079
       1.0905026
       1.0861642
       1.0811234
       1.0748943
       1.0663733
       1.0543784
       1.0396276
       1.0243945
       1.0104566
      0.99809153
      0.98594923
      0.97167635
      0.95329083
      0.93181181
      0.91062682
      0.89205039
      0.87569208
      0.85901017
      0.83924258
      0.81624737
      0.79250996
      0.77041445
      0.75089356
      0.73403097
      0.71938973
      0.70634078
      0.69432847
      0.68311924
      0.67272027
      0.66320818
      0.65462577
      0.64695912
      0.64005554
      0.63341242
      0.62637094
      0.61868764
      0.61067169
      0.60292716
      0.59593261
      0.58957630
      0.58322930
      0.57636775
      0.56903043
      0.56136281
      0.55342329
      0.54550827
      0.53812035
      0.53152250
      0.52570256
      0.52053965
      0.51600602
      0.51216137
      0.50893079
      0.50608627
      0.50364628
      0.50197370
      0.50126660
      0.50089758
      0.49939806
      0.49587105
      0.49102320
      0.48640441
      0.48304057
      0.48110574
      0.48031388
      0.48059153
      0.48155245
      0.48242320
      0.48340835
      0.48554628
      0.48777718
      0.48803595
      0.48611395
      0.48283630
      0.47872329
      0.47374413
      0.46793545
      0.46197889
      0.45650511
      0.45209645
      0.44912413
      0.44687919
      0.44425091
      0.43996014
      0.43353890
      0.42741738
      0.42330676
      0.42101043
      0.41961285
      0.41859696
      0.41783873
      0.41753800
      0.41782974
      0.41845397
      0.41822467
      0.41606341
      0.41221828
      0.40791133
      0.40412026
      0.40136019
      0.39974353
      0.39914404
      0.39931875
      0.40000607
      0.40086627
      0.40161659
      0.40224301
      0.40309955
      0.40456038
      0.40658619
      0.40883079
      0.41125563
      0.41398934
      0.41673408
      0.41921193
      0.42183657
      0.42572110
      0.43206645
      0.44067326
      0.44897629
      0.45450289
      0.45685615
      0.45853712
      0.46217701
      0.46823866
      0.47591870
      0.48449990
      0.49367659
      0.50328285
      0.51305893
      0.52283260
      0.53264961
      0.54277187
      0.55343510
      0.56458646
      0.57603581
      0.58765046
      0.59941868
      0.61134640
      0.62334954
      0.63526214
      0.64670374
      0.65714497
      0.66614036
      0.67399679
      0.68167664
      0.68971066
      0.69749726
      0.70403369
      0.70915744
      0.71398700
      0.71984400
      0.72656191
      0.73314423
      0.73873536
      0.74319994
      0.74694565
      0.75037631
      0.75372972
      0.75672890
      0.75884310
      0.76015520
      0.76168674
      0.76431892
      0.76695484
      0.76694444
      0.76274684
      0.75492459
      0.74573705
      0.73780352
      0.73240067
      0.72917931
      0.72711936
      0.72551818
      0.72417991
      0.72313227
      0.72233995
      0.72161500
      0.72068507
      0.71938926
      0.71777362
      0.71601043
      0.71423263
      0.71244661
      0.71060228
      0.70865928
      0.70655233
      0.70419631
      0.70162469
      0.69901730
      0.69648357
      0.69382929
      0.69058774
      0.68651810
      0.68168988
      0.67606120
      0.66938779
      0.66183843
      0.65432606
      0.64758233
      0.64085982
      0.63274492
      0.62332694
      0.61436261
      0.60722870
      0.60198967
      0.59801763
      0.59461988
      0.59122133
      0.58743941
      0.58318851
      0.57855369
      0.57358359
      0.56825027
      0.56256276
      0.55666875
      0.55093632
      0.54562229
      0.54075390
      0.53626205
      0.53206818
      0.52811510
      0.52436743
      0.52077908
      0.51726772
      0.51377103
      0.51036749
      0.50728262
      0.50460795
      0.50197036
      0.49879676
      0.49486309
      0.49024681
      0.48462575
      0.47734549
      0.46844125
      0.45903969
      0.45029929
      0.44272718
      0.43630100
      0.43064084
      0.42507520
      0.41893579
      0.41196228
      0.40454354
      0.39738192
      0.39085193
      0.38491082
      0.37943352
      0.37436001
      0.36958897
      0.36488022
      0.35996732
      0.35475922
      0.34938630
      0.34409535
      0.33908822
      0.33445048
      0.33015491
      0.32614781
      0.32241584
      0.31903895
      0.31597087
      0.31286255
      0.30921906
      0.30512305
      0.30099208
      0.29701821
      0.29307444
      0.28892999
      0.28454695
      0.28013664
      0.27600802
      0.27235949
      0.26914239
      0.26610838
      0.26306339
      0.25999683
      0.25701284
      0.25420329
      0.25157477
      0.24905962
      0.24658714
      0.24412854
      0.24169915
      0.23942922
      0.23747579
      0.23571533
      0.23382705
      0.23177651
      0.22962056
      0.22668603
      0.22219564
      0.21647273
      0.21062725
      0.20550184
      0.20129812
      0.19780814
      0.19478097
      0.19204771
      0.18950208
      0.18707839
      0.18475992
      0.18251355
      0.18018981
      0.17758924
      0.17469089
      0.17172763
      0.16897849
      0.16656953
      0.16445510
      0.16247765
      0.16040111
      0.15809806
      0.15566181
      0.15322996
      0.15083479
      0.14839171
      0.14583604
      0.14324881
      0.14082483
      0.13867735
      0.13676879
      0.13500029
      0.13330510
      0.13166072
      0.13008644
      0.12861158
      0.12720524
      0.12580603
      0.12438690
      0.12293292
      0.12142715
      0.11990129
      0.11844167
      0.11707579
      0.11566694
      0.11402036
      0.11210594
      0.11010261
      0.10821088
      0.10650571
      0.10497945
      0.10361284
      0.10236311
      0.10113825
     0.099846817
     0.098439722
     0.096925220
     0.095374269
     0.093865981
     0.092422434
     0.090987631
     0.089468752
     0.087812017
     0.086066326
     0.084344777
     0.082724508
     0.081232550
     0.079879515
     0.078667692
     0.077577353
     0.076563612
     0.075586159
     0.074644068
     0.073770734
     0.072989928
     0.072276848
     0.071583489
     0.070881243
     0.070159912
     0.069407334
     0.068605056
     0.067745112
     0.066855561
     0.065976183
     0.065121379
     0.064282809
     0.063451978
     0.062624646
     0.061796290
     0.060963516
     0.060129306
     0.059301321
     0.058485764
     0.057684207
     0.056895181
     0.056116812
     0.055347922
     0.054587944
     0.053836564
     0.053093417
     0.052357834
     0.051628492
     0.050902611
