       12.755658
       12.719385
       12.683178
       12.647059
       12.611033
       12.575099
       12.539258
       12.503508
       12.467851
       12.432286
       12.396812
       12.361430
       12.326139
       12.290938
       12.255828
       12.220808
       12.185879
       12.151039
       12.116288
       12.081627
       12.047055
       12.012572
       11.978178
       11.943872
       11.909655
       11.875526
       11.841489
       11.807544
       11.773697
       11.739958
       11.706340
       11.672867
       11.639575
       11.606515
       11.573763
       11.541428
       11.509675
       11.478727
       11.448836
       11.420158
       11.392626
       11.365921
       11.339506
       11.312725
       11.284848
       11.255001
       11.222136
       11.185126
       11.142854
       11.094314
       11.038853
       10.976844
       10.910527
       10.844181
       10.782847
       10.730213
       10.687587
       10.654482
       10.629637
       10.611863
       10.600135
       10.593570
       10.591401
       10.592950
       10.597658
       10.605023
       10.614587
       10.625960
       10.638771
       10.652706
       10.667479
       10.682838
       10.698549
       10.714388
       10.730151
       10.745655
       10.760767
       10.775407
       10.789560
       10.803271
       10.816626
       10.829732
       10.842692
       10.855587
       10.868459
       10.881325
       10.894170
       10.906961
       10.919646
       10.932170
       10.944466
       10.956462
       10.968094
       10.979301
       10.990017
       11.000204
       11.009826
       11.018861
       11.027305
       11.035145
       11.042381
       11.049019
       11.055066
       11.060532
       11.065446
       11.069850
       11.073799
       11.077365
       11.080634
       11.083694
       11.086622
       11.089482
       11.092329
       11.095195
       11.098101
       11.101041
       11.103976
       11.106852
       11.109580
       11.112063
       11.114191
       11.115844
       11.116916
       11.117310
       11.116962
       11.115844
       11.113967
       11.111379
       11.108159
       11.104407
       11.100236
       11.095765
       11.091113
       11.086382
       11.081663
       11.077028
       11.072539
       11.068250
       11.064220
       11.060491
       11.057066
       11.053884
       11.050783
       11.047552
       11.043969
       11.039859
       11.035110
       11.029677
       11.023542
       11.016704
       11.009200
       11.001109
       10.992532
       10.983592
       10.974415
       10.965117
       10.955762
       10.946366
       10.936879
       10.927152
       10.916941
       10.905923
       10.893714
       10.879948
       10.864380
       10.846980
       10.828094
       10.808376
       10.788599
       10.769431
       10.751346
       10.734498
       10.718928
       10.704736
       10.691881
       10.680214
       10.669572
       10.659770
       10.650608
       10.641886
       10.633404
       10.625013
       10.616619
       10.608171
       10.599655
       10.591071
       10.582418
       10.573689
       10.564867
       10.555935
       10.546892
       10.537742
       10.528500
       10.519204
       10.509886
       10.500588
       10.491323
       10.482096
       10.472898
       10.463687
       10.454413
       10.444994
       10.435331
       10.425314
       10.414850
       10.403867
       10.392313
       10.380139
       10.367291
       10.353653
       10.338976
       10.322848
       10.304778
       10.284320
       10.261233
       10.235563
       10.207516
       10.177353
       10.145422
       10.112110
       10.077696
       10.042353
       10.006218
       9.9693374
       9.9318518
       9.8939317
       9.8557170
       9.8173535
       9.7790217
       9.7408898
       9.7031116
       9.6658409
       9.6292237
       9.5933764
       9.5584105
       9.5244135
       9.4914329
       9.4594993
       9.4286123
       9.3987440
       9.3698545
       9.3418792
       9.3147272
       9.2883035
       9.2625015
       9.2372008
       9.2122654
       9.1875477
       9.1628806
       9.1380705
       9.1128881
       9.0870952
       9.0604672
       9.0327622
       9.0038027
       8.9734748
       8.9418537
       8.9092173
       8.8759171
       8.8420607
       8.8071696
       8.7703342
       8.7308781
       8.6889170
       8.6453591
       8.6014096
       8.5581071
       8.5161228
       8.4758299
       8.4374664
       8.4012404
       8.3672850
       8.3356569
       8.3064012
       8.2795954
       8.2554288
       8.2342073
       8.2162600
       8.2016225
       8.1896264
       8.1789250
       8.1685824
       8.1583793
       8.1479953
       8.1372966
       8.1263595
       8.1152638
       8.1040511
       8.0927336
       8.0813453
       8.0699470
       8.0586438
       8.0475525
       8.0367932
       8.0264659
       8.0166431
       8.0073410
       7.9985070
       7.9900278
       7.9817555
       7.9735329
       7.9652266
       7.9566936
       7.9476927
       7.9377906
       7.9261972
       7.9117804
       7.8934518
       7.8706507
       7.8442473
       7.8160660
       7.7873921
       7.7587071
       7.7304215
       7.7026971
       7.6756139
       7.6491040
       7.6230360
       7.5971835
       7.5713462
       7.5452840
       7.5187329
       7.4913753
       7.4628886
       7.4329506
       7.4012214
       7.3674444
       7.3314960
       7.2934073
       7.2533527
       7.2115041
       7.1678985
       7.1224502
       7.0750035
       7.0254276
       6.9737758
       6.9202851
       6.8653280
       6.8093491
       6.7529073
       6.6968904
       6.6426194
       6.5918838
       6.5457298
       6.5027928
       6.4586210
       6.4078141
       6.3488225
       6.2851616
       6.2192731
       6.1517986
       6.0828575
       6.0116426
       5.9367571
       5.8566560
       5.7699700
       5.6757836
       5.5738117
       5.4644378
       5.3488481
       5.2289208
       5.1069280
       4.9838565
       4.8577850
       4.7256212
       4.5880992
       4.4483839
       4.3102543
       4.1757816
       4.0439714
       3.9138163
       3.7853948
       3.6592557
       3.5358777
       3.4154408
       3.2981364
       3.1842996
       3.0746097
       2.9696798
       2.8698244
       2.7759647
       2.6880557
       2.6028642
       2.5165719
       2.4271646
       2.3355928
       2.2449397
       2.1595637
       2.0815579
       2.0103046
       1.9448104
       1.8843447
       1.8284874
       1.7769356
       1.7293651
       1.6853612
       1.6444128
       1.6060544
       1.5697965
       1.5354290
       1.5028918
       1.4722095
       1.4435598
       1.4172690
       1.3945110
       1.3769335
       1.3661353
       1.3615549
       1.3559216
       1.3462958
       1.3357206
       1.3275508
       1.3209701
       1.3147055
       1.3082920
       1.3019545
       1.2961958
       1.2913639
       1.2875725
       1.2847599
       1.2827373
       1.2811917
       1.2797623
       1.2780974
       1.2759521
       1.2732916
       1.2703147
       1.2673360
       1.2646972
       1.2626670
       1.2614336
       1.2611699
       1.2620652
       1.2643346
       1.2681413
       1.2735601
       1.2805856
       1.2891604
       1.2992209
       1.3108420
       1.3241558
       1.3393985
       1.3567163
       1.3759840
       1.3969059
       1.4191537
       1.4424816
       1.4669932
       1.4931908
       1.5217837
       1.5532034
       1.5876099
       1.6248197
       1.6643453
       1.7056430
       1.7482141
       1.7917709
       1.8361350
       1.8809635
       1.9255586
       1.9686840
       2.0080243
       2.0421600
       2.0720266
       2.0997079
       2.1264039
       2.1518869
       2.1755629
       2.1971228
       2.2167122
       2.2343436
       2.2497809
       2.2629500
       2.2740099
       2.2831855
       2.2907135
       2.2966578
       2.3010126
       2.3034979
       2.3040751
       2.3023462
       2.2977352
       2.2894628
       2.2766996
       2.2592458
       2.2374392
       2.2120707
       2.1842182
       2.1548973
       2.1247687
       2.0940777
       2.0625501
       2.0292270
       1.9929832
       1.9538234
       1.9128253
       1.8715129
       1.8307847
       1.7905003
       1.7499223
       1.7080195
       1.6640145
       1.6181208
       1.5716578
       1.5260810
       1.4822372
       1.4402714
       1.3999395
       1.3608329
       1.3224606
       1.2845457
       1.2471702
       1.2107081
       1.1757384
       1.1428225
       1.1122889
       1.0842502
       1.0587048
       1.0356235
       1.0148994
      0.99645745
      0.98015054
      0.96565055
      0.95256772
      0.94059689
      0.92954312
      0.91936000
      0.90990221
      0.90107154
      0.89290075
      0.88565052
      0.87857510
      0.86977160
      0.85853622
      0.84709015
      0.83704568
      0.82858568
      0.82154311
      0.81585956
      0.81150992
      0.80854276
      0.80692006
      0.80652260
      0.80728315
      0.80899047
      0.81124919
      0.81354673
      0.81542430
      0.81689083
      0.81818852
      0.81937026
      0.82032016
      0.82107817
      0.82164743
      0.82199729
      0.82224009
      0.82283547
      0.82415423
      0.82553534
      0.82614190
      0.82707750
      0.82924700
      0.82795888
      0.81956828
      0.80681683
      0.79479446
      0.78606597
      0.77944030
      0.77329589
      0.76728871
      0.76183027
      0.75732001
      0.75407592
      0.75293859
      0.75455734
      0.75869803
      0.76500449
      0.77323547
      0.78307835
      0.79381137
      0.80473027
      0.81559587
      0.82677995
      0.83879786
      0.85171173
      0.86521348
      0.87903067
      0.89307061
      0.90786135
      0.92392824
      0.94176259
      0.96138876
      0.98261746
       1.0053875
       1.0296016
       1.0543491
       1.0789423
       1.1026361
       1.1255754
       1.1482700
       1.1709616
       1.1938972
       1.2173813
       1.2415586
       1.2661218
       1.2904739
       1.3141110
       1.3366626
       1.3578677
       1.3770068
       1.3933214
       1.4065939
       1.4173013
       1.4269739
       1.4369385
       1.4476141
       1.4582223
       1.4662403
       1.4699564
       1.4693723
       1.4657092
       1.4620838
       1.4603691
       1.4600094
       1.4597687
       1.4586201
       1.4560699
       1.4521601
       1.4472314
       1.4421781
       1.4376914
       1.4339580
       1.4273282
       1.4140220
       1.3954994
       1.3759223
       1.3585636
       1.3438563
       1.3302264
       1.3157530
       1.2991183
       1.2799909
       1.2590729
       1.2376572
       1.2170279
       1.1983570
       1.1821332
       1.1671799
       1.1506684
       1.1294897
       1.1031101
       1.0751945
       1.0496561
       1.0279059
       1.0089904
      0.99161541
      0.97496402
      0.95873749
      0.94308531
      0.92830207
      0.91423617
      0.89980500
      0.88550862
      0.87421202
      0.86626679
      0.85524686
      0.83535693
      0.80960600
      0.78374850
      0.76182051
      0.74540620
      0.73361711
      0.72493321
      0.71816508
      0.71308899
      0.70997556
      0.70862411
      0.70737479
      0.70412787
      0.69836224
      0.69162767
      0.68580222
      0.68169158
      0.67937292
      0.67835217
      0.67775311
      0.67642946
      0.67329611
      0.66814422
      0.66242111
      0.65759222
      0.65410851
      0.65160198
      0.64924976
      0.64605168
      0.64173293
      0.63710566
      0.63334127
      0.63109678
      0.62960908
      0.62733667
      0.62316617
      0.61745565
      0.61158909
      0.60628465
      0.60154659
      0.59718507
      0.59295507
      0.58846881
      0.58340433
      0.57800096
      0.57305777
      0.56924906
      0.56594439
      0.56130934
      0.55445882
      0.54668150
      0.54022282
      0.53586212
      0.53302603
      0.53075636
      0.52820926
      0.52509734
      0.52030342
      0.51248994
      0.50223650
      0.49238946
      0.48521781
      0.48022174
      0.47617470
      0.47262973
      0.46943390
      0.46637919
      0.46348374
      0.46108528
      0.45947767
      0.45877801
      0.45903772
      0.46021189
      0.46196662
      0.46362960
      0.46460687
      0.46481983
      0.46503240
      0.46630900
      0.46936933
      0.47417464
      0.48026403
      0.48720776
      0.49476851
      0.50290716
      0.51182266
      0.52184261
      0.53273638
      0.54306163
      0.55189519
      0.55846115
      0.56372775
      0.56967732
      0.57703320
      0.58506352
      0.59272774
      0.59969322
      0.60650256
      0.61404043
      0.62260382
      0.63171346
      0.64087861
      0.65011382
      0.65956874
      0.66882736
      0.67704263
      0.68340707
      0.68764766
      0.69003425
      0.69126888
      0.69234343
      0.69384086
      0.69551560
      0.69730573
      0.69962522
      0.70259462
      0.70587102
      0.70908575
      0.71221505
      0.71563993
      0.71967008
      0.72409665
      0.72828805
      0.73153073
      0.73346388
      0.73424311
      0.73433909
      0.73426965
      0.73434993
      0.73470360
      0.73535328
      0.73629432
      0.73751260
      0.73893861
      0.74036265
      0.74150143
      0.74226999
      0.74282737
      0.74322373
      0.74324294
      0.74268095
      0.74169667
      0.74094795
      0.74140680
      0.74344405
      0.74507284
      0.74248081
      0.73293684
      0.71828455
      0.70234478
      0.68748242
      0.67352806
      0.65991794
      0.64734595
      0.63694816
      0.62881609
      0.62222924
      0.61646483
      0.61111116
      0.60590271
      0.60054460
      0.59478185
      0.58863556
      0.58233184
      0.57602752
      0.56977634
      0.56365209
      0.55770025
      0.55188055
      0.54614655
      0.54051825
      0.53502466
      0.52958466
      0.52397304
      0.51793057
      0.51146987
      0.50498845
      0.49875402
      0.49257362
      0.48626200
      0.48010270
      0.47466991
      0.46985622
      0.46427533
      0.45675923
      0.44796460
      0.43986279
      0.43331310
      0.42802801
      0.42355343
      0.41962380
      0.41593089
      0.41211069
      0.40801461
      0.40377455
      0.39962013
      0.39571245
      0.39209580
      0.38873825
      0.38556731
      0.38253075
      0.37964908
      0.37688738
      0.37391011
      0.37023108
      0.36559842
      0.36048494
      0.35578212
      0.35197165
      0.34901160
      0.34657547
      0.34434166
      0.34213987
      0.33989097
      0.33722491
      0.33290755
      0.32608515
      0.31787460
      0.31046106
      0.30472064
      0.30023172
      0.29612562
      0.29185721
      0.28738327
      0.28290670
      0.27859602
      0.27448633
      0.27053951
      0.26672053
      0.26304456
      0.25953042
      0.25611601
      0.25269576
      0.24926361
      0.24596488
      0.24291082
      0.24006123
      0.23730929
      0.23445131
      0.23131667
      0.22798590
      0.22452143
      0.22094633
      0.21737699
      0.21400176
      0.21092393
      0.20809813
      0.20542832
      0.20284122
      0.20030044
      0.19782695
      0.19549322
      0.19337952
      0.19152440
      0.18991412
      0.18849637
      0.18721318
      0.18597879
      0.18469988
      0.18335663
      0.18198508
      0.18059035
      0.17921548
      0.17799642
      0.17687727
      0.17562071
      0.17430912
      0.17304298
      0.17135197
      0.16887536
      0.16578038
      0.16238155
      0.15890011
      0.15563696
      0.15279979
      0.15033801
      0.14809844
      0.14599866
      0.14402663
      0.14214643
      0.14030314
      0.13843866
      0.13647522
      0.13436997
      0.13221526
      0.13021869
      0.12847799
      0.12686552
      0.12524007
      0.12357473
      0.12196106
      0.12049749
      0.11917539
      0.11785116
      0.11631579
      0.11449622
      0.11258667
      0.11083363
      0.10930327
      0.10791195
      0.10659025
      0.10533877
      0.10417241
      0.10307183
      0.10199200
      0.10089483
     0.099767546
     0.098602001
     0.097411607
     0.096289733
     0.095295437
     0.094251208
     0.092907081
     0.091304897
     0.089719038
     0.088314484
     0.087068057
     0.085901121
     0.084797384
     0.083793220
     0.082911388
     0.082118000
     0.081351439
     0.080580165
     0.079813718
     0.079078089
     0.078390558
     0.077743042
     0.077098117
     0.076337080
     0.075275230
     0.073798835
     0.071987755
     0.070184957
     0.068714428
     0.067627060
     0.066794086
     0.066071352
     0.065380835
     0.064689396
     0.063980794
     0.063248340
     0.062491639
     0.061712487
     0.060913862
     0.060103005
     0.059289394
     0.058480498
     0.057680241
     0.056890282
     0.056111213
     0.055342782
     0.054584102
     0.053834161
     0.053092128
     0.052357226
     0.051628231
     0.050902488
