       12.755611
       12.719376
       12.683176
       12.647059
       12.611033
       12.575099
       12.539258
       12.503508
       12.467851
       12.432286
       12.396812
       12.361430
       12.326139
       12.290938
       12.255828
       12.220808
       12.185879
       12.151039
       12.116288
       12.081628
       12.047056
       12.012573
       11.978180
       11.943877
       11.909665
       11.875550
       11.841537
       11.807640
       11.773878
       11.740284
       11.706900
       11.673782
       11.640988
       11.608570
       11.576545
       11.544870
       11.513417
       11.481954
       11.450159
       11.417654
       11.384056
       11.349027
       11.312310
       11.273712
       11.233165
       11.190508
       11.145495
       11.097896
       11.047519
       10.994396
       10.939109
       10.883165
       10.829231
       10.780777
       10.741102
       10.712027
       10.693768
       10.685461
       10.685726
       10.693062
       10.706210
       10.724149
       10.746001
       10.770936
       10.798198
       10.827075
       10.856933
       10.887207
       10.917429
       10.947256
       10.976472
       11.004997
       11.032863
       11.060175
       11.087093
       11.113807
       11.140504
       11.167366
       11.194576
       11.222305
       11.250682
       11.279732
       11.309372
       11.339400
       11.369539
       11.399470
       11.428893
       11.457560
       11.485283
       11.511935
       11.537415
       11.561638
       11.584529
       11.606029
       11.626101
       11.644740
       11.661985
       11.677927
       11.692724
       11.706581
       11.719722
       11.732348
       11.744624
       11.756677
       11.768611
       11.780510
       11.792411
       11.804303
       11.816134
       11.827750
       11.838999
       11.849729
       11.859836
       11.869297
       11.878187
       11.886602
       11.894651
       11.902396
       11.909862
       11.917044
       11.923914
       11.930447
       11.936614
       11.942386
       11.947734
       11.952628
       11.957043
       11.960965
       11.964390
       11.967335
       11.969822
       11.971880
       11.973528
       11.974773
       11.975605
       11.976000
       11.975920
       11.975319
       11.974142
       11.972337
       11.969857
       11.966670
       11.962769
       11.958173
       11.952920
       11.947058
       11.940637
       11.933704
       11.926316
       11.918521
       11.910363
       11.901865
       11.893037
       11.883881
       11.874391
       11.864554
       11.854347
       11.843754
       11.832766
       11.821385
       11.809625
       11.797511
       11.785084
       11.772387
       11.759470
       11.746383
       11.733174
       11.719884
       11.706545
       11.693177
       11.679778
       11.666331
       11.652796
       11.639118
       11.625229
       11.611053
       11.596513
       11.581537
       11.566058
       11.550017
       11.533364
       11.516065
       11.498101
       11.479470
       11.460190
       11.440287
       11.419802
       11.398785
       11.377291
       11.355373
       11.333079
       11.310443
       11.287479
       11.264179
       11.240515
       11.216454
       11.191959
       11.167003
       11.141568
       11.115659
       11.089282
       11.062458
       11.035204
       11.007555
       10.979560
       10.951311
       10.922954
       10.894668
       10.866581
       10.838577
       10.810131
       10.780281
       10.748007
       10.712676
       10.674388
       10.633811
       10.591624
       10.548233
       10.503978
       10.459267
       10.414498
       10.370000
       10.326056
       10.282880
       10.240640
       10.199401
       10.159123
       10.119729
       10.081101
       10.043077
       10.005462
       9.9680534
       9.9307107
       9.8932954
       9.8556966
       9.8177871
       9.7795043
       9.7408187
       9.7017098
       9.6621703
       9.6222023
       9.5818234
       9.5410607
       9.4999433
       9.4585057
       9.4167744
       9.3747664
       9.3324917
       9.2899631
       9.2472159
       9.2043196
       9.1613876
       9.1185643
       9.0759988
       9.0338194
       8.9921166
       8.9509492
       8.9103613
       8.8703841
       8.8310304
       8.7923222
       8.7542461
       8.7167804
       8.6799031
       8.6436029
       8.6078508
       8.5726151
       8.5378575
       8.5035485
       8.4696503
       8.4361337
       8.4029593
       8.3700606
       8.3373362
       8.3046257
       8.2717159
       8.2383881
       8.2044827
       8.1700088
       8.1352755
       8.1008944
       8.0674125
       8.0346845
       8.0015787
       7.9669373
       7.9312879
       7.8946259
       7.8567537
       7.8179784
       7.7787626
       7.7395492
       7.7006697
       7.6623376
       7.6246616
       7.5876831
       7.5514037
       7.5157969
       7.4808182
       7.4464011
       7.4124552
       7.3788745
       7.3455342
       7.3122823
       7.2790095
       7.2456395
       7.2121081
       7.1783739
       7.1444230
       7.1102435
       7.0758168
       7.0410817
       7.0058873
       6.9699934
       6.9330832
       6.8948309
       6.8550569
       6.8137759
       6.7711270
       6.7272888
       6.6823944
       6.6365846
       6.5900646
       6.5430168
       6.4955461
       6.4476084
       6.3990260
       6.3495252
       6.2988047
       6.2466294
       6.1928876
       6.1376279
       6.0810820
       6.0235299
       5.9650649
       5.9055417
       5.8446383
       5.7820593
       5.7176600
       5.6515124
       5.5838815
       5.5151501
       5.4457333
       5.3760506
       5.3065110
       5.2374467
       5.1689100
       5.1002006
       5.0294195
       4.9544673
       4.8752947
       4.7933646
       4.7107088
       4.6289857
       4.5481953
       4.4676297
       4.3867192
       4.3051491
       4.2227503
       4.1394843
       4.0553205
       3.9702356
       3.8841689
       3.7970716
       3.7089748
       3.6198975
       3.5299411
       3.4392647
       3.3480235
       3.2564717
       3.1647648
       3.0731031
       2.9816671
       2.8905807
       2.7999431
       2.7098018
       2.6201789
       2.5311422
       2.4429298
       2.3561982
       2.2723435
       2.1929883
       2.1182918
       2.0461589
       1.9741382
       1.9012180
       1.8293366
       1.7605834
       1.6955446
       1.6339738
       1.5757231
       1.5209325
       1.4699432
       1.4233280
       1.3814270
       1.3439759
       1.3104463
       1.2803637
       1.2538869
       1.2312709
       1.2114384
       1.1909514
       1.1662146
       1.1380947
       1.1094880
       1.0837492
       1.0615710
       1.0418089
       1.0238196
       1.0074563
      0.99266256
      0.97937100
      0.96754475
      0.95727035
      0.94899366
      0.94352855
      0.94136843
      0.94124929
      0.93967165
      0.93551887
      0.93048323
      0.92645743
      0.92307967
      0.91977864
      0.91646289
      0.91311875
      0.90981204
      0.90677149
      0.90430042
      0.90264940
      0.90195166
      0.90224255
      0.90350024
      0.90567262
      0.90872516
      0.91259443
      0.91719952
      0.92243330
      0.92825022
      0.93463211
      0.94147646
      0.94854545
      0.95529755
      0.96125403
      0.96651268
      0.97127742
      0.97537547
      0.97894362
      0.98251137
      0.98729889
      0.99457667
       1.0046682
       1.0174081
       1.0324936
       1.0496550
       1.0686457
       1.0891655
       1.1108555
       1.1333408
       1.1562500
       1.1793225
       1.2024202
       1.2254967
       1.2485330
       1.2714716
       1.2941924
       1.3165554
       1.3384434
       1.3597811
       1.3804642
       1.4003545
       1.4192942
       1.4371574
       1.4538135
       1.4692128
       1.4833471
       1.4962283
       1.5078133
       1.5179495
       1.5263586
       1.5326414
       1.5364339
       1.5375914
       1.5364221
       1.5332987
       1.5279138
       1.5189755
       1.5039924
       1.4817240
       1.4543048
       1.4262139
       1.3999147
       1.3754421
       1.3518049
       1.3281389
       1.3038016
       1.2785796
       1.2526545
       1.2263470
       1.1998419
       1.1731595
       1.1462817
       1.1192746
       1.0923104
       1.0656056
       1.0393431
       1.0136187
      0.98841860
      0.96366572
      0.93927975
      0.91524627
      0.89160808
      0.86845052
      0.84589758
      0.82415516
      0.80345359
      0.78388027
      0.76532982
      0.74760922
      0.73053002
      0.71404515
      0.69817714
      0.68301123
      0.66865872
      0.65532871
      0.64319578
      0.63225933
      0.62243957
      0.61371908
      0.60595125
      0.59871866
      0.59175490
      0.58536926
      0.57974319
      0.57430476
      0.56838011
      0.56196873
      0.55572673
      0.55035093
      0.54616448
      0.54286491
      0.53991711
      0.53700546
      0.53401143
      0.53132533
      0.52938328
      0.52822386
      0.52757915
      0.52706245
      0.52618614
      0.52439825
      0.52119617
      0.51644064
      0.51083251
      0.50516213
      0.50022187
      0.49612618
      0.49266245
      0.48936665
      0.48567265
      0.48141521
      0.47684442
      0.47245441
      0.46866030
      0.46570914
      0.46369429
      0.46260478
      0.46230326
      0.46265783
      0.46353282
      0.46482888
      0.46652030
      0.46856036
      0.47101791
      0.47395367
      0.47751677
      0.48173227
      0.48653838
      0.49173645
      0.49694333
      0.50209965
      0.50744745
      0.51348242
      0.52059468
      0.52884059
      0.53798687
      0.54789087
      0.55875086
      0.57067256
      0.58374870
      0.59797151
      0.61340377
      0.62996663
      0.64751589
      0.66587707
      0.68525228
      0.70578779
      0.72711918
      0.74806190
      0.76698887
      0.78339774
      0.79830764
      0.81331401
      0.82950185
      0.84706368
      0.86558068
      0.88426030
      0.90236141
      0.91981277
      0.93638889
      0.95076605
      0.96240672
      0.97138796
      0.97772481
      0.98121837
      0.98175127
      0.98008038
      0.97885478
      0.97902311
      0.97976851
      0.97995209
      0.97910564
      0.97692285
      0.97244097
      0.96502774
      0.95564288
      0.94593382
      0.93613892
      0.92560694
      0.91443139
      0.90328607
      0.89277742
      0.88313702
      0.87425144
      0.86581949
      0.85751158
      0.84911417
      0.84062785
      0.83218726
      0.82391969
      0.81580610
      0.80778171
      0.79964372
      0.79087171
      0.78125391
      0.77107173
      0.76084705
      0.75080188
      0.74070060
      0.73026034
      0.71947413
      0.70867988
      0.69818246
      0.68774026
      0.67664657
      0.66463993
      0.65215935
      0.63978965
      0.62745349
      0.61463541
      0.60123337
      0.58789848
      0.57543772
      0.56429281
      0.55445236
      0.54577786
      0.53832062
      0.53225546
      0.52747233
      0.52332240
      0.51863604
      0.51262907
      0.50559467
      0.49854243
      0.49243173
      0.48771585
      0.48440680
      0.48236224
      0.48137645
      0.48091116
      0.48005263
      0.47793469
      0.47486017
      0.47257922
      0.47195650
      0.47066675
      0.46640704
      0.45931083
      0.45141808
      0.44455938
      0.43885634
      0.43389809
      0.42974166
      0.42666170
      0.42466753
      0.42343442
      0.42257878
      0.42185771
      0.42122818
      0.42081979
      0.42077018
      0.42117817
      0.42203729
      0.42291241
      0.42309949
      0.42189836
      0.41929860
      0.41638806
      0.41433157
      0.41339457
      0.41251676
      0.41024902
      0.40633526
      0.40154066
      0.39680504
      0.39261665
      0.38918740
      0.38648161
      0.38442829
      0.38282209
      0.38154045
      0.38058898
      0.38000029
      0.37963075
      0.37926705
      0.37871207
      0.37793812
      0.37681929
      0.37497042
      0.37248398
      0.37035860
      0.36992430
      0.37162841
      0.37389022
      0.37435755
      0.37202102
      0.36803062
      0.36476401
      0.36355954
      0.36432110
      0.36643657
      0.36945059
      0.37309249
      0.37711590
      0.38139515
      0.38599372
      0.39119057
      0.39729932
      0.40442960
      0.41253877
      0.42146566
      0.43105151
      0.44123832
      0.45203643
      0.46343278
      0.47532038
      0.48750863
      0.49995781
      0.51270137
      0.52529735
      0.53678101
      0.54643355
      0.55419186
      0.56089557
      0.56776499
      0.57553453
      0.58426043
      0.59396126
      0.60470946
      0.61594839
      0.62654886
      0.63559382
      0.64300409
      0.64959719
      0.65613657
      0.66303138
      0.67026192
      0.67728022
      0.68343055
      0.68862169
      0.69356862
      0.69904166
      0.70489453
      0.70943301
      0.71090268
      0.70902004
      0.70526241
      0.70213557
      0.70120133
      0.70237203
      0.70465823
      0.70731596
      0.71018712
      0.71335140
      0.71674826
      0.71999462
      0.72252842
      0.72397279
      0.72439507
      0.72429360
      0.72420751
      0.72449651
      0.72518702
      0.72611078
      0.72712513
      0.72823481
      0.72954075
      0.73116372
      0.73304678
      0.73456668
      0.73464871
      0.73242817
      0.72821877
      0.72326334
      0.71831414
      0.71328009
      0.70836646
      0.70398705
      0.69945589
      0.69321652
      0.68508063
      0.67671406
      0.66977984
      0.66458753
      0.66053118
      0.65693883
      0.65347929
      0.65002000
      0.64649595
      0.64284269
      0.63905631
      0.63529119
      0.63160637
      0.62793488
      0.62418869
      0.62029867
      0.61623928
      0.61209138
      0.60802337
      0.60418930
      0.60067323
      0.59748981
      0.59459262
      0.59184968
      0.58907150
      0.58614942
      0.58311436
      0.58000820
      0.57664868
      0.57266608
      0.56793817
      0.56271159
      0.55723569
      0.55139376
      0.54470076
      0.53685832
      0.52815627
      0.51939322
      0.51138625
      0.50445945
      0.49832752
      0.49229479
      0.48576103
      0.47857279
      0.47113705
      0.46399272
      0.45732119
      0.45105028
      0.44516266
      0.43974916
      0.43488126
      0.43048845
      0.42624534
      0.42165175
      0.41637084
      0.41047503
      0.40434206
      0.39836889
      0.39277453
      0.38762189
      0.38294210
      0.37877429
      0.37517027
      0.37195455
      0.36848628
      0.36409923
      0.35902795
      0.35400898
      0.34952023
      0.34549470
      0.34155522
      0.33729310
      0.33248087
      0.32737243
      0.32251087
      0.31821546
      0.31435322
      0.31058753
      0.30677282
      0.30300218
      0.29943790
      0.29615296
      0.29310993
      0.29024393
      0.28748509
      0.28477694
      0.28202496
      0.27918218
      0.27639996
      0.27389243
      0.27163907
      0.26950818
      0.26740004
      0.26476037
      0.26050784
      0.25434129
      0.24726757
      0.24058375
      0.23498692
      0.23045408
      0.22668504
      0.22339627
      0.22040706
      0.21762844
      0.21503455
      0.21257787
      0.21009414
      0.20736052
      0.20430043
      0.20107500
      0.19793245
      0.19502339
      0.19237837
      0.18993133
      0.18757937
      0.18519703
      0.18261030
      0.17975196
      0.17670702
      0.17355748
      0.17036422
      0.16719910
      0.16416903
      0.16137182
      0.15883023
      0.15649642
      0.15430850
      0.15223923
      0.15028466
      0.14843196
      0.14666554
      0.14499266
      0.14340383
      0.14183046
      0.14025471
      0.13865661
      0.13694143
      0.13513191
      0.13335215
      0.13153671
      0.12945839
      0.12704616
      0.12452172
      0.12217032
      0.12013858
      0.11841257
      0.11689810
      0.11548965
      0.11410619
      0.11270078
      0.11124230
      0.10968228
      0.10796642
      0.10609288
      0.10412418
      0.10209728
      0.10000318
     0.097869184
     0.095798549
     0.093876287
     0.092119407
     0.090502559
     0.089002091
     0.087608213
     0.086304820
     0.085061139
     0.083843957
     0.082638989
     0.081451053
     0.080301207
     0.079225663
     0.078245549
     0.077338024
     0.076453926
     0.075547663
     0.074604522
     0.073654807
     0.072736993
     0.071859872
     0.071008428
     0.070166835
     0.069327955
     0.068495339
     0.067681728
     0.066886190
     0.066084580
     0.065257266
     0.064409689
     0.063556862
     0.062708341
     0.061864306
     0.061022670
     0.060184110
     0.059350685
     0.058524836
     0.057709711
     0.056908214
     0.056121367
     0.055348152
     0.054586702
     0.053835279
     0.053092539
     0.052357345
     0.051628247
     0.050902477
