       12.755620
       12.719378
       12.683177
       12.647059
       12.611033
       12.575099
       12.539258
       12.503508
       12.467851
       12.432286
       12.396812
       12.361430
       12.326139
       12.290938
       12.255828
       12.220808
       12.185879
       12.151039
       12.116288
       12.081628
       12.047056
       12.012573
       11.978179
       11.943876
       11.909664
       11.875547
       11.841533
       11.807634
       11.773872
       11.740281
       11.706913
       11.673835
       11.641126
       11.608866
       11.577106
       11.545836
       11.514950
       11.484224
       11.453323
       11.421837
       11.389349
       11.355499
       11.320016
       11.282723
       11.243494
       11.202208
       11.158711
       11.112821
       11.064358
       11.013270
       10.959887
       10.905337
       10.851871
       10.802701
       10.761063
       10.728955
       10.707012
       10.694811
       10.691377
       10.695549
       10.706132
       10.721970
       10.742005
       10.765273
       10.790939
       10.818294
       10.846731
       10.875742
       10.904916
       10.933903
       10.962446
       10.990354
       11.017517
       11.043920
       11.069616
       11.094717
       11.119359
       11.143677
       11.167812
       11.191905
       11.216085
       11.240465
       11.265123
       11.290094
       11.315363
       11.340862
       11.366472
       11.392033
       11.417359
       11.442247
       11.466490
       11.489901
       11.512322
       11.533630
       11.553746
       11.572627
       11.590273
       11.606710
       11.621980
       11.636116
       11.649169
       11.661208
       11.672323
       11.682622
       11.692230
       11.701252
       11.709769
       11.717825
       11.725424
       11.732540
       11.739120
       11.745098
       11.750418
       11.755041
       11.758962
       11.762204
       11.764805
       11.766833
       11.768366
       11.769503
       11.770364
       11.771090
       11.771823
       11.772702
       11.773839
       11.775292
       11.777092
       11.779252
       11.781725
       11.784398
       11.787155
       11.789893
       11.792509
       11.794910
       11.797011
       11.798756
       11.800106
       11.801038
       11.801527
       11.801544
       11.801057
       11.800029
       11.798426
       11.796219
       11.793396
       11.789956
       11.785912
       11.781287
       11.776118
       11.770443
       11.764280
       11.757642
       11.750536
       11.742963
       11.734909
       11.726366
       11.717303
       11.707673
       11.697438
       11.686566
       11.675037
       11.662832
       11.649948
       11.636371
       11.622094
       11.607182
       11.591744
       11.575793
       11.559398
       11.542631
       11.525565
       11.508242
       11.490686
       11.472898
       11.454873
       11.436591
       11.418032
       11.399181
       11.380038
       11.360601
       11.340862
       11.320836
       11.300558
       11.280065
       11.259433
       11.238723
       11.217990
       11.197251
       11.176478
       11.155614
       11.134597
       11.113384
       11.091949
       11.070273
       11.048338
       11.026144
       11.003732
       10.981202
       10.958822
       10.937088
       10.916518
       10.897072
       10.877691
       10.856563
       10.832286
       10.804679
       10.774744
       10.743848
       10.712814
       10.681832
       10.650801
       10.619569
       10.587989
       10.555924
       10.523242
       10.489817
       10.455544
       10.420338
       10.384136
       10.346889
       10.308561
       10.269126
       10.228571
       10.186904
       10.144154
       10.100369
       10.055618
       10.009984
       9.9635619
       9.9164637
       9.8688092
       9.8207176
       9.7722982
       9.7236408
       9.6748045
       9.6258104
       9.5766426
       9.5272625
       9.4776467
       9.4278609
       9.3780917
       9.3285605
       9.2794421
       9.2307987
       9.1826451
       9.1350556
       9.0879737
       9.0412931
       8.9949683
       8.9489759
       8.9034173
       8.8584435
       8.8140609
       8.7700373
       8.7260599
       8.6818104
       8.6370498
       8.5917213
       8.5459792
       8.5001158
       8.4544525
       8.4092666
       8.3647572
       8.3210447
       8.2781969
       8.2362512
       8.1952486
       8.1552740
       8.1165243
       8.0793427
       8.0441354
       8.0110273
       7.9794121
       7.9480454
       7.9165917
       7.8852769
       7.8534068
       7.8206954
       7.7870345
       7.7524417
       7.7170531
       7.6809851
       7.6443044
       7.6070595
       7.5693076
       7.5311306
       7.4926242
       7.4538953
       7.4150592
       7.3762202
       7.3374844
       7.2989479
       7.2607021
       7.2228109
       7.1853173
       7.1482495
       7.1116271
       7.0754614
       7.0397631
       7.0045367
       6.9697794
       6.9354903
       6.9016723
       6.8683293
       6.8354720
       6.8030867
       6.7710733
       6.7391423
       6.7066688
       6.6727639
       6.6366895
       6.5984266
       6.5589042
       6.5194714
       6.4803894
       6.4409714
       6.4009124
       6.3602254
       6.3186076
       6.2757906
       6.2318341
       6.1866115
       6.1401183
       6.0925352
       6.0440121
       5.9949189
       5.9456367
       5.8965246
       5.8478642
       5.7998174
       5.7524587
       5.7057739
       5.6596995
       5.6141455
       5.5689886
       5.5240701
       5.4791850
       5.4340834
       5.3884514
       5.3419571
       5.2942228
       5.2449054
       5.1936742
       5.1402847
       5.0845425
       5.0263569
       4.9657088
       4.9027443
       4.8377471
       4.7711630
       4.7035926
       4.6357146
       4.5680419
       4.5003403
       4.4317984
       4.3611496
       4.2879747
       4.2124456
       4.1349259
       4.0557258
       3.9752936
       3.8942765
       3.8129625
       3.7304634
       3.6447240
       3.5541431
       3.4586480
       3.3591071
       3.2560394
       3.1493078
       3.0387128
       2.9252556
       2.8113295
       2.6994238
       2.5908806
       2.4858424
       2.3841854
       2.2858999
       2.1910476
       2.0997249
       2.0120156
       1.9279964
       1.8477819
       1.7714868
       1.6991452
       1.6307102
       1.5661080
       1.5052088
       1.4479122
       1.3942301
       1.3441719
       1.2977951
       1.2550840
       1.2159049
       1.1800311
       1.1471876
       1.1170199
       1.0892990
       1.0637978
       1.0404778
       1.0197840
       1.0026670
      0.98978353
      0.98116355
      0.97452540
      0.96667343
      0.95791787
      0.94993297
      0.94296742
      0.93658869
      0.93062747
      0.92499729
      0.91966347
      0.91464863
      0.91001287
      0.90580416
      0.90204300
      0.89866412
      0.89555363
      0.89256806
      0.88956048
      0.88637189
      0.88285989
      0.87897153
      0.87471996
      0.87023011
      0.86569466
      0.86131175
      0.85720255
      0.85334780
      0.84962534
      0.84595597
      0.84243021
      0.83921698
      0.83648441
      0.83439311
      0.83310571
      0.83276913
      0.83365398
      0.83614634
      0.84076249
      0.84768974
      0.85655288
      0.86611922
      0.87516730
      0.88401278
      0.89467567
      0.90711898
      0.92058384
      0.93477903
      0.94966765
      0.96537290
      0.98211992
       1.0002122
       1.0199491
       1.0414631
       1.0647227
       1.0895462
       1.1157024
       1.1429816
       1.1711235
       1.1998648
       1.2288730
       1.2578626
       1.2867909
       1.3150046
       1.3406481
       1.3608168
       1.3747735
       1.3835531
       1.3895129
       1.3945559
       1.3993105
       1.4035122
       1.4066361
       1.4083356
       1.4086573
       1.4078703
       1.4062218
       1.4038094
       1.4006435
       1.3966583
       1.3916691
       1.3854916
       1.3778921
       1.3678464
       1.3546664
       1.3387257
       1.3215730
       1.3044997
       1.2876410
       1.2706353
       1.2532501
       1.2353176
       1.2164158
       1.1955241
       1.1716134
       1.1443519
       1.1143739
       1.0827275
       1.0501826
       1.0173398
      0.98482585
      0.95333662
      0.92333486
      0.89492241
      0.86789380
      0.84181534
      0.81624261
      0.79104105
      0.76679425
      0.74466023
      0.72511140
      0.70725830
      0.69023726
      0.67365553
      0.65787544
      0.64327328
      0.62971363
      0.61690939
      0.60489301
      0.59392180
      0.58409851
      0.57529880
      0.56729244
      0.55977406
      0.55248601
      0.54526012
      0.53820608
      0.53162931
      0.52585632
      0.52108650
      0.51736729
      0.51457885
      0.51241032
      0.51049116
      0.50858085
      0.50669770
      0.50481294
      0.50278684
      0.50074288
      0.49870844
      0.49693612
      0.49597602
      0.49605397
      0.49672219
      0.49702693
      0.49592956
      0.49305264
      0.48879491
      0.48384281
      0.47865676
      0.47356339
      0.46873956
      0.46443550
      0.46090515
      0.45825057
      0.45642406
      0.45534877
      0.45486507
      0.45471528
      0.45462057
      0.45439156
      0.45390201
      0.45320340
      0.45197286
      0.44919860
      0.44486524
      0.44063621
      0.43761072
      0.43625975
      0.43654792
      0.43807128
      0.44028412
      0.44276660
      0.44545847
      0.44856196
      0.45252629
      0.45781997
      0.46453401
      0.47258832
      0.48179718
      0.49179696
      0.50215487
      0.51218225
      0.52125403
      0.52950229
      0.53800877
      0.54781789
      0.55935551
      0.57251593
      0.58691241
      0.60227771
      0.61864772
      0.63575009
      0.65319445
      0.67150876
      0.69138397
      0.71127027
      0.72832969
      0.74109158
      0.75047684
      0.75866690
      0.76794977
      0.77915901
      0.79182324
      0.80500887
      0.81743233
      0.82812161
      0.83673928
      0.84365273
      0.84977348
      0.85595079
      0.86240774
      0.86888503
      0.87483229
      0.87998947
      0.88462426
      0.88921504
      0.89341678
      0.89516819
      0.89261491
      0.88610451
      0.87807421
      0.87036940
      0.86347720
      0.85751834
      0.85253501
      0.84821373
      0.84416486
      0.84002035
      0.83555687
      0.83065982
      0.82529359
      0.81952416
      0.81355103
      0.80770470
      0.80226943
      0.79707372
      0.79138314
      0.78442972
      0.77584255
      0.76587658
      0.75485675
      0.74306411
      0.73096280
      0.71899621
      0.70722583
      0.69555094
      0.68428352
      0.67406533
      0.66464834
      0.65434254
      0.64103238
      0.62480214
      0.60800018
      0.59308694
      0.57988374
      0.56297244
      0.54090360
      0.51852557
      0.49960572
      0.48539459
      0.47520757
      0.46765545
      0.46172926
      0.45669035
      0.45203143
      0.44743744
      0.44284628
      0.43846729
      0.43462558
      0.43155030
      0.42927129
      0.42767335
      0.42653669
      0.42551545
      0.42437073
      0.42315477
      0.42215845
      0.42164480
      0.42172793
      0.42236017
      0.42329648
      0.42426993
      0.42530488
      0.42689181
      0.42946935
      0.43227395
      0.43308843
      0.43034111
      0.42466230
      0.41914091
      0.41592078
      0.41358897
      0.41077228
      0.40763724
      0.40455870
      0.40174908
      0.39929103
      0.39733748
      0.39589379
      0.39493944
      0.39437354
      0.39420201
      0.39451593
      0.39507850
      0.39536943
      0.39562601
      0.39688335
      0.39884048
      0.39917798
      0.39606174
      0.39071634
      0.38563053
      0.38232990
      0.37988513
      0.37573608
      0.36858803
      0.35977855
      0.35205779
      0.34691542
      0.34410888
      0.34270340
      0.34199398
      0.34194269
      0.34251237
      0.34246695
      0.34092152
      0.33833197
      0.33547906
      0.33253607
      0.33040448
      0.32965739
      0.33041869
      0.33230933
      0.33468297
      0.33720218
      0.33994197
      0.34313348
      0.34690373
      0.35124736
      0.35613385
      0.36160504
      0.36781319
      0.37492706
      0.38294009
      0.39152301
      0.40037894
      0.40940472
      0.41853285
      0.42776306
      0.43723192
      0.44699140
      0.45687274
      0.46676495
      0.47677488
      0.48708080
      0.49789025
      0.50957000
      0.52209190
      0.53432691
      0.54518353
      0.55418628
      0.56190671
      0.56947242
      0.57690613
      0.58362546
      0.58933571
      0.59420591
      0.59887731
      0.60408398
      0.61023414
      0.61663013
      0.62223664
      0.62693843
      0.63149628
      0.63672213
      0.64280355
      0.64940442
      0.65621837
      0.66325857
      0.67056534
      0.67771419
      0.68393448
      0.68871811
      0.69219957
      0.69506442
      0.69788214
      0.70076781
      0.70356784
      0.70613391
      0.70848352
      0.71073822
      0.71302385
      0.71541190
      0.71794360
      0.72064648
      0.72342197
      0.72599571
      0.72808861
      0.72966991
      0.73099194
      0.73232615
      0.73385186
      0.73584457
      0.73870153
      0.74243346
      0.74595015
      0.74762754
      0.74634123
      0.74234399
      0.73678339
      0.73067952
      0.72484854
      0.71975195
      0.71521177
      0.71042430
      0.70425597
      0.69618198
      0.68696555
      0.67819045
      0.67101962
      0.66556163
      0.66128594
      0.65758328
      0.65402991
      0.65044796
      0.64683053
      0.64328029
      0.63991721
      0.63663803
      0.63295504
      0.62834177
      0.62266838
      0.61617200
      0.60929838
      0.60256614
      0.59638774
      0.59097221
      0.58625687
      0.58210939
      0.57855542
      0.57575215
      0.57356847
      0.57116730
      0.56758360
      0.56259552
      0.55680905
      0.55088944
      0.54509978
      0.53941324
      0.53383201
      0.52835869
      0.52272035
      0.51635662
      0.50899076
      0.50124549
      0.49423245
      0.48844918
      0.48368866
      0.47948374
      0.47546174
      0.47140212
      0.46718760
      0.46280962
      0.45837980
      0.45408764
      0.45007983
      0.44640197
      0.44303666
      0.43992496
      0.43696876
      0.43407314
      0.43122251
      0.42840787
      0.42543224
      0.42186668
      0.41736052
      0.41206518
      0.40672370
      0.40200647
      0.39770921
      0.39271480
      0.38600970
      0.37793387
      0.36986409
      0.36287305
      0.35716393
      0.35237603
      0.34806004
      0.34393724
      0.33993593
      0.33606095
      0.33216843
      0.32795948
      0.32324293
      0.31814105
      0.31300873
      0.30815216
      0.30369189
      0.29961852
      0.29589090
      0.29248711
      0.28934398
      0.28626497
      0.28290732
      0.27894497
      0.27434330
      0.26936829
      0.26442245
      0.25976623
      0.25542041
      0.25132171
      0.24747478
      0.24390557
      0.24057775
      0.23740536
      0.23431359
      0.23129252
      0.22838275
      0.22562491
      0.22302410
      0.22055621
      0.21818551
      0.21587947
      0.21362584
      0.21143312
      0.20930747
      0.20724250
      0.20518557
      0.20295769
      0.20032975
      0.19738033
      0.19463348
      0.19216420
      0.18943946
      0.18623007
      0.18272774
      0.17927164
      0.17616234
      0.17355218
      0.17138247
      0.16932175
      0.16694180
      0.16402986
      0.16072369
      0.15742371
      0.15439378
      0.15160591
      0.14891009
      0.14621710
      0.14357534
      0.14110216
      0.13885442
      0.13677776
      0.13477954
      0.13279049
      0.13079928
      0.12884486
      0.12697155
      0.12517153
      0.12334453
      0.12133077
      0.11904839
      0.11662473
      0.11430849
      0.11225234
      0.11043628
      0.10875458
      0.10712561
      0.10552556
      0.10396174
      0.10243785
      0.10095133
     0.099495699
     0.098112553
     0.096833238
     0.095501807
     0.094002095
     0.092350554
     0.090634157
     0.088958265
     0.087399655
     0.085979938
     0.084687043
     0.083521052
     0.082499568
     0.081604181
     0.080753215
     0.079862317
     0.078908512
     0.077925904
     0.076949165
     0.075959906
     0.074926257
     0.073847129
     0.072749733
     0.071666349
     0.070600369
     0.069536239
     0.068469250
     0.067429465
     0.066469062
     0.065603857
     0.064804291
     0.064029954
     0.063257898
     0.062479378
     0.061691345
     0.060892992
     0.060087121
     0.059279228
     0.058474998
     0.057678292
     0.056890820
     0.056112979
     0.055344650
     0.054585486
     0.053834990
     0.053092560
     0.052357432
     0.051628326
     0.050902539
