       12.755628
       12.719379
       12.683177
       12.647059
       12.611033
       12.575099
       12.539258
       12.503508
       12.467851
       12.432286
       12.396812
       12.361430
       12.326139
       12.290938
       12.255828
       12.220808
       12.185879
       12.151039
       12.116288
       12.081627
       12.047055
       12.012572
       11.978178
       11.943872
       11.909654
       11.875524
       11.841484
       11.807534
       11.773676
       11.739915
       11.706257
       11.672711
       11.639289
       11.606004
       11.572863
       11.539866
       11.506994
       11.474208
       11.441444
       11.408622
       11.375662
       11.342499
       11.309093
       11.275434
       11.241512
       11.207275
       11.172560
       11.137020
       11.100077
       11.060937
       11.018818
       10.973486
       10.925957
       10.878764
       10.835152
       10.797563
       10.766838
       10.742635
       10.724121
       10.710406
       10.700698
       10.694321
       10.690701
       10.689353
       10.689881
       10.691968
       10.695367
       10.699876
       10.705329
       10.711580
       10.718475
       10.725875
       10.733642
       10.741641
       10.749761
       10.757914
       10.766039
       10.774119
       10.782151
       10.790111
       10.797978
       10.805699
       10.813191
       10.820320
       10.826905
       10.832740
       10.837650
       10.841540
       10.844418
       10.846339
       10.847440
       10.847996
       10.848093
       10.847829
       10.847287
       10.846525
       10.845579
       10.844438
       10.843046
       10.841281
       10.838929
       10.835958
       10.832659
       10.829008
       10.824717
       10.819610
       10.813566
       10.806529
       10.798512
       10.789580
       10.779839
       10.769438
       10.758567
       10.747447
       10.736324
       10.725446
       10.715044
       10.705298
       10.696330
       10.688181
       10.680814
       10.674116
       10.667922
       10.662020
       10.656183
       10.650192
       10.643846
       10.636979
       10.629459
       10.621186
       10.612084
       10.602108
       10.591235
       10.579472
       10.566871
       10.553506
       10.539480
       10.524907
       10.509896
       10.494553
       10.478958
       10.463184
       10.447303
       10.431380
       10.415465
       10.399604
       10.383820
       10.368116
       10.352480
       10.336893
       10.321322
       10.305718
       10.290025
       10.274182
       10.258128
       10.241796
       10.225131
       10.208077
       10.190594
       10.172649
       10.154220
       10.135302
       10.115904
       10.096052
       10.075798
       10.055214
       10.034394
       10.013442
       9.9924633
       9.9715392
       9.9507010
       9.9299218
       9.9091334
       9.8882344
       9.8670879
       9.8455459
       9.8234958
       9.8008837
       9.7776964
       9.7539433
       9.7296552
       9.7048862
       9.6797053
       9.6541838
       9.6283978
       9.6024220
       9.5763316
       9.5501856
       9.5240209
       9.4978410
       9.4716108
       9.4452694
       9.4187373
       9.3919324
       9.3647822
       9.3372294
       9.3092351
       9.2807730
       9.2518235
       9.2223844
       9.1924836
       9.1621629
       9.1314393
       9.1003102
       9.0687718
       9.0368354
       9.0045177
       8.9718236
       8.9387454
       8.9052740
       8.8714053
       8.8371406
       8.8024796
       8.7674205
       8.7319595
       8.6960941
       8.6598196
       8.6231307
       8.5860199
       8.5484779
       8.5104942
       8.4720577
       8.4331577
       8.3937870
       8.3539443
       8.3136357
       8.2728764
       8.2316918
       8.1901191
       8.1482023
       8.1059966
       8.0635605
       8.0209567
       7.9782450
       7.9354828
       7.8927265
       7.8500294
       7.8074372
       7.7649872
       7.7227111
       7.6806342
       7.6387704
       7.5971193
       7.5556584
       7.5143453
       7.4731348
       7.4320030
       7.3909667
       7.3500790
       7.3093966
       7.2689412
       7.2286842
       7.1885576
       7.1484681
       7.1083088
       7.0679709
       7.0273649
       6.9864394
       6.9451804
       6.9036111
       6.8617899
       6.8197931
       6.7777271
       6.7357061
       6.6938546
       6.6522942
       6.6111661
       6.5706207
       6.5308136
       6.4918781
       6.4538948
       6.4168542
       6.3806573
       6.3451622
       6.3102588
       6.2759214
       6.2421959
       6.2091648
       6.1769345
       6.1455242
       6.1148844
       6.0849587
       6.0556412
       6.0268025
       5.9983223
       5.9700920
       5.9420192
       5.9140431
       5.8861303
       5.8582701
       5.8304589
       5.8027025
       5.7750038
       5.7473585
       5.7197414
       5.6921110
       5.6644099
       5.6365737
       5.6085357
       5.5802313
       5.5516227
       5.5227292
       5.4936189
       5.4644473
       5.4354312
       5.4068058
       5.3787495
       5.3512463
       5.3240077
       5.2965370
       5.2684528
       5.2396981
       5.2101106
       5.1795888
       5.1481217
       5.1155936
       5.0815939
       5.0454826
       5.0066898
       4.9653148
       4.9224211
       4.8793199
       4.8363866
       4.7937381
       4.7512839
       4.7090070
       4.6667911
       4.6245878
       4.5824065
       4.5402878
       4.4982596
       4.4563169
       4.4144247
       4.3725249
       4.3305746
       4.2884881
       4.2461670
       4.2035238
       4.1604726
       4.1169862
       4.0731094
       4.0289509
       3.9846154
       3.9401509
       3.8955680
       3.8510301
       3.8067998
       3.7629605
       3.7191124
       3.6736600
       3.6248420
       3.5721470
       3.5161411
       3.4579865
       3.3986869
       3.3386956
       3.2774682
       3.2134283
       3.1450163
       3.0727623
       2.9987157
       2.9251455
       2.8524756
       2.7798079
       2.7064387
       2.6321598
       2.5571775
       2.4818059
       2.4062409
       2.3306172
       2.2550430
       2.1795782
       2.1043392
       2.0294252
       1.9548997
       1.8808636
       1.8074746
       1.7349915
       1.6637703
       1.5942175
       1.5267044
       1.4615212
       1.3988284
       1.3386817
       1.2811364
       1.2262259
       1.1740515
       1.1247665
       1.0784952
       1.0353450
      0.99535573
      0.95853075
      0.92496150
      0.89514743
      0.86981406
      0.84897115
      0.83113440
      0.81401452
      0.79632178
      0.77902559
      0.76385301
      0.75072361
      0.73857946
      0.72702908
      0.71652757
      0.70730880
      0.69927356
      0.69234045
      0.68639822
      0.68132623
      0.67703976
      0.67346596
      0.67054851
      0.66823025
      0.66646197
      0.66516410
      0.66421117
      0.66337073
      0.66231580
      0.66072006
      0.65835244
      0.65505052
      0.65075536
      0.64560104
      0.63993375
      0.63422531
      0.62886158
      0.62410251
      0.62004052
      0.61671975
      0.61415010
      0.61230685
      0.61110997
      0.61063032
      0.61082893
      0.61167465
      0.61314815
      0.61502230
      0.61711841
      0.61941248
      0.62191542
      0.62465995
      0.62779977
      0.63142045
      0.63559780
      0.64041244
      0.64605942
      0.65279987
      0.66085397
      0.67034217
      0.68124640
      0.69347917
      0.70693186
      0.72146831
      0.73695018
      0.75322862
      0.77022514
      0.78792233
      0.80635825
      0.82560563
      0.84561811
      0.86607592
      0.88646120
      0.90630706
      0.92537665
      0.94376257
      0.96163212
      0.97874591
      0.99401330
       1.0061270
       1.0149575
       1.0216557
       1.0270731
       1.0315551
       1.0343875
       1.0344702
       1.0306606
       1.0232782
       1.0140257
       1.0046048
      0.99554667
      0.98669758
      0.97778357
      0.96854841
      0.95881303
      0.94855357
      0.93781283
      0.92662285
      0.91503601
      0.90311570
      0.89074526
      0.87764165
      0.86352616
      0.84835221
      0.83246355
      0.81631563
      0.80021015
      0.78421464
      0.76829140
      0.75238970
      0.73649448
      0.72059680
      0.70470389
      0.68878208
      0.67281933
      0.65692575
      0.64129124
      0.62609664
      0.61146912
      0.59744572
      0.58398867
      0.57102732
      0.55843362
      0.54611539
      0.53423000
      0.52342407
      0.51434734
      0.50647590
      0.49824505
      0.48841465
      0.47715631
      0.46575867
      0.45565219
      0.44728840
      0.44034786
      0.43346983
      0.42538410
      0.41619968
      0.40688544
      0.39823765
      0.39056792
      0.38375709
      0.37767586
      0.37228150
      0.36756283
      0.36348731
      0.35997376
      0.35689775
      0.35408257
      0.35137448
      0.34877044
      0.34640125
      0.34443543
      0.34298732
      0.34191332
      0.34081588
      0.33916885
      0.33697737
      0.33464789
      0.33245992
      0.33048985
      0.32867981
      0.32699158
      0.32540904
      0.32388663
      0.32239219
      0.32093977
      0.31959414
      0.31842245
      0.31744703
      0.31667210
      0.31613158
      0.31586665
      0.31588824
      0.31611855
      0.31635939
      0.31637327
      0.31601988
      0.31546214
      0.31485090
      0.31441296
      0.31361067
      0.31168179
      0.31038095
      0.31076074
      0.31266553
      0.31545903
      0.31860658
      0.32200315
      0.32578120
      0.33020249
      0.33544071
      0.34156540
      0.34852654
      0.35621455
      0.36454345
      0.37346793
      0.38296379
      0.39302951
      0.40365371
      0.41483537
      0.42656753
      0.43871570
      0.45106893
      0.46337371
      0.47543715
      0.48716526
      0.49871045
      0.51034003
      0.52237027
      0.53471368
      0.54653673
      0.55666086
      0.56449512
      0.57042328
      0.57563926
      0.58109279
      0.58695913
      0.59299092
      0.59887612
      0.60439931
      0.60947579
      0.61400172
      0.61763731
      0.61999540
      0.62104992
      0.62145868
      0.62180566
      0.62231597
      0.62223942
      0.62052416
      0.61716167
      0.61333029
      0.61000820
      0.60727219
      0.60480366
      0.60234769
      0.59976352
      0.59696032
      0.59391687
      0.59069580
      0.58743459
      0.58419500
      0.58088900
      0.57738623
      0.57360026
      0.56952204
      0.56519004
      0.56054980
      0.55571873
      0.55089241
      0.54621810
      0.54174201
      0.53711780
      0.53182606
      0.52546518
      0.51805257
      0.50999814
      0.50176231
      0.49367997
      0.48596155
      0.47865689
      0.47177739
      0.46485533
      0.45683662
      0.44734390
      0.43713000
      0.42718034
      0.41793171
      0.40928446
      0.40100261
      0.39297158
      0.38530312
      0.37824296
      0.37206270
      0.36683757
      0.36225999
      0.35776703
      0.35299987
      0.34802633
      0.34321897
      0.33886894
      0.33504570
      0.33169292
      0.32873899
      0.32616595
      0.32399212
      0.32225208
      0.32103390
      0.32004549
      0.31876555
      0.31750479
      0.31688875
      0.31626040
      0.31436385
      0.31082159
      0.30649037
      0.30245335
      0.29929196
      0.29710940
      0.29576743
      0.29502860
      0.29454082
      0.29403304
      0.29339793
      0.29263586
      0.29176781
      0.29082866
      0.28983587
      0.28878063
      0.28769831
      0.28670282
      0.28591095
      0.28539482
      0.28516352
      0.28518385
      0.28539118
      0.28568985
      0.28591014
      0.28583714
      0.28525221
      0.28406526
      0.28244200
      0.28078078
      0.27951350
      0.27880935
      0.27864201
      0.27907263
      0.28009367
      0.28106316
      0.28095922
      0.27935940
      0.27646430
      0.27364918
      0.27202513
      0.27146202
      0.27123177
      0.27114782
      0.27135704
      0.27208164
      0.27340438
      0.27526869
      0.27755474
      0.28022314
      0.28337912
      0.28712402
      0.29122275
      0.29519907
      0.29874557
      0.30214366
      0.30599343
      0.31072626
      0.31639403
      0.32249060
      0.32815344
      0.33284320
      0.33691156
      0.34131455
      0.34686488
      0.35349031
      0.36046168
      0.36753350
      0.37496918
      0.38264050
      0.38973396
      0.39551059
      0.40031802
      0.40522357
      0.41103757
      0.41788565
      0.42550502
      0.43358626
      0.44195839
      0.45052946
      0.45923396
      0.46803364
      0.47693009
      0.48594990
      0.49509345
      0.50430290
      0.51348792
      0.52261933
      0.53178025
      0.54111303
      0.55060378
      0.55989503
      0.56857214
      0.57679588
      0.58547375
      0.59528297
      0.60531932
      0.61363992
      0.61885017
      0.62093358
      0.62121247
      0.62134524
      0.62233677
      0.62440755
      0.62718217
      0.63048379
      0.63455710
      0.63942967
      0.64429758
      0.64821420
      0.65045955
      0.65091492
      0.64948816
      0.64661916
      0.64355715
      0.64139891
      0.64058970
      0.64094188
      0.64206445
      0.64353507
      0.64499664
      0.64610686
      0.64663506
      0.64652830
      0.64586180
      0.64475053
      0.64325602
      0.64142869
      0.63929230
      0.63693400
      0.63454136
      0.63231292
      0.63039141
      0.62880124
      0.62745532
      0.62622769
      0.62503754
      0.62386018
      0.62266099
      0.62143504
      0.62024902
      0.61911001
      0.61771978
      0.61553068
      0.61226912
      0.60819168
      0.60380382
      0.59941110
      0.59514007
      0.59106217
      0.58685057
      0.58185148
      0.57572270
      0.56905617
      0.56285557
      0.55768227
      0.55349114
      0.54991908
      0.54663116
      0.54344635
      0.54029542
      0.53714341
      0.53396707
      0.53078533
      0.52768447
      0.52473441
      0.52197338
      0.51944792
      0.51721733
      0.51531114
      0.51369756
      0.51221760
      0.51060549
      0.50855938
      0.50584094
      0.50241219
      0.49868362
      0.49530776
      0.49254953
      0.49003022
      0.48702239
      0.48300541
      0.47794204
      0.47223724
      0.46634308
      0.46056232
      0.45496365
      0.44945767
      0.44400009
      0.43861510
      0.43323188
      0.42764817
      0.42173869
      0.41565570
      0.40972534
      0.40421263
      0.39918095
      0.39451544
      0.39006491
      0.38576215
      0.38163432
      0.37773743
      0.37409825
      0.37069091
      0.36748496
      0.36446426
      0.36158576
      0.35864839
      0.35530429
      0.35127735
      0.34649294
      0.34126417
      0.33608329
      0.33129739
      0.32697746
      0.32300358
      0.31924605
      0.31566213
      0.31222940
      0.30879225
      0.30511045
      0.30111369
      0.29698803
      0.29299406
      0.28924387
      0.28565689
      0.28210815
      0.27857086
      0.27510905
      0.27178905
      0.26862911
      0.26561509
      0.26273910
      0.25998728
      0.25730722
      0.25464092
      0.25195056
      0.24923228
      0.24648961
      0.24372759
      0.24094739
      0.23793884
      0.23447370
      0.23053936
      0.22628515
      0.22194432
      0.21776415
      0.21393235
      0.21050857
      0.20743628
      0.20462602
      0.20197964
      0.19934852
      0.19653674
      0.19341582
      0.19003877
      0.18660480
      0.18329229
      0.18016924
      0.17718373
      0.17425824
      0.17137720
      0.16855330
      0.16578070
      0.16302233
      0.16023348
      0.15737453
      0.15447313
      0.15163352
      0.14895628
      0.14646789
      0.14412655
      0.14189138
      0.13974943
      0.13769572
      0.13572557
      0.13382477
      0.13194557
      0.13002839
      0.12804847
      0.12597957
      0.12380179
      0.12158072
      0.11945421
      0.11744763
      0.11542942
      0.11332475
      0.11120338
      0.10915524
      0.10721122
      0.10536156
      0.10359693
      0.10191587
      0.10031943
     0.098803825
     0.097336145
     0.095830899
     0.094184813
     0.092378634
     0.090489717
     0.088578320
     0.086644899
     0.084688945
     0.082775199
     0.081014141
     0.079481372
     0.078174664
     0.077031370
     0.075981180
     0.074986865
     0.074046098
     0.073164174
     0.072327725
     0.071521700
     0.070739553
     0.069972253
     0.069200255
     0.068410759
     0.067602467
     0.066786238
     0.065980797
     0.065186685
     0.064381113
     0.063546139
     0.062685427
     0.061816614
     0.060955884
     0.060111320
     0.059284496
     0.058473906
     0.057676930
     0.056891009
     0.056114473
     0.055346624
     0.054587271
     0.053836278
     0.053093342
     0.052357846
     0.051628525
     0.050902644
