       12.755643
       12.719382
       12.683178
       12.647059
       12.611033
       12.575099
       12.539258
       12.503508
       12.467851
       12.432286
       12.396812
       12.361430
       12.326139
       12.290938
       12.255828
       12.220808
       12.185879
       12.151039
       12.116288
       12.081627
       12.047056
       12.012573
       11.978179
       11.943874
       11.909659
       11.875536
       11.841509
       11.807585
       11.773775
       11.740097
       11.706578
       11.673249
       11.640149
       11.607308
       11.574741
       11.542422
       11.510274
       11.478155
       11.445872
       11.413202
       11.379929
       11.345883
       11.310958
       11.275104
       11.238295
       11.200470
       11.161482
       11.121046
       11.078745
       11.034118
       10.986914
       10.937530
       10.887464
       10.839371
       10.796331
       10.760512
       10.732557
       10.711917
       10.697594
       10.688537
       10.683764
       10.682403
       10.683719
       10.687123
       10.692151
       10.698416
       10.705588
       10.713376
       10.721534
       10.729862
       10.738200
       10.746421
       10.754429
       10.762147
       10.769523
       10.776522
       10.783156
       10.789496
       10.795628
       10.801660
       10.807715
       10.813904
       10.820308
       10.826974
       10.833915
       10.841095
       10.848438
       10.855827
       10.863114
       10.870144
       10.876774
       10.882881
       10.888364
       10.893152
       10.897181
       10.900410
       10.902814
       10.904392
       10.905163
       10.905170
       10.904463
       10.903110
       10.901195
       10.898828
       10.896128
       10.893198
       10.890110
       10.886886
       10.883494
       10.879869
       10.875959
       10.871727
       10.867150
       10.862228
       10.856941
       10.851237
       10.845028
       10.838185
       10.830584
       10.822146
       10.812872
       10.802839
       10.792136
       10.780835
       10.769039
       10.756904
       10.744620
       10.732375
       10.720320
       10.708575
       10.697215
       10.686284
       10.675795
       10.665713
       10.655977
       10.646502
       10.637195
       10.627969
       10.618741
       10.609441
       10.600008
       10.590388
       10.580526
       10.570375
       10.559891
       10.549039
       10.537793
       10.526137
       10.514064
       10.501576
       10.488682
       10.475390
       10.461709
       10.447643
       10.433191
       10.418343
       10.403084
       10.387389
       10.371234
       10.354595
       10.337460
       10.319820
       10.301681
       10.283061
       10.263987
       10.244494
       10.224626
       10.204430
       10.183955
       10.163243
       10.142327
       10.121221
       10.099920
       10.078397
       10.056608
       10.034497
       10.012002
       9.9890647
       9.9656347
       9.9416755
       9.9171693
       9.8921173
       9.8665356
       9.8404542
       9.8139109
       9.7869464
       9.7596011
       9.7319149
       9.7039269
       9.6756682
       9.6471665
       9.6184409
       9.5895043
       9.5603590
       9.5310026
       9.5014414
       9.4716758
       9.4417226
       9.4116007
       9.3813434
       9.3509920
       9.3205994
       9.2902217
       9.2599236
       9.2297797
       9.1998673
       9.1702615
       9.1410151
       9.1121213
       9.0834879
       9.0549176
       9.0261128
       8.9966957
       8.9662362
       8.9342738
       8.9003581
       8.8641169
       8.8254611
       8.7843070
       8.7408855
       8.6956981
       8.6492837
       8.6021801
       8.5547909
       8.5073964
       8.4601819
       8.4132626
       8.3667142
       8.3205874
       8.2749213
       8.2297488
       8.1850849
       8.1409178
       8.0972416
       8.0540364
       8.0113141
       7.9691215
       7.9275370
       7.8866908
       7.8467012
       7.8076182
       7.7693468
       7.7316055
       7.6939742
       7.6564182
       7.6189897
       7.5813815
       7.5433844
       7.5049137
       7.4659568
       7.4265558
       7.3867739
       7.3466679
       7.3062956
       7.2657081
       7.2249396
       7.1840150
       7.1429689
       7.1018436
       7.0606904
       7.0195724
       6.9785529
       6.9376928
       6.8970465
       6.8566571
       6.8165590
       6.7767763
       6.7373277
       6.6982269
       6.6594875
       6.6211276
       6.5831652
       6.5456150
       6.5084815
       6.4717467
       6.4353611
       6.3992268
       6.3632019
       6.3271558
       6.2910611
       6.2550307
       6.2192465
       6.1838761
       6.1490028
       6.1146758
       6.0808746
       6.0475242
       6.0145756
       5.9819934
       5.9497604
       5.9178839
       5.8863879
       5.8553043
       5.8246967
       5.7946208
       5.7651308
       5.7362607
       5.7080362
       5.6804574
       5.6535089
       5.6271577
       5.6013576
       5.5760494
       5.5511632
       5.5266194
       5.5023341
       5.4782047
       5.4541213
       5.4299382
       5.4055301
       5.3808101
       5.3557668
       5.3305636
       5.3054978
       5.2805875
       5.2550337
       5.2275284
       5.1974004
       5.1644170
       5.1286153
       5.0904692
       5.0505074
       5.0089897
       4.9660092
       4.9216806
       4.8762645
       4.8301432
       4.7837191
       4.7373412
       4.6912926
       4.6458157
       4.6010912
       4.5571297
       4.5136929
       4.4703283
       4.4265557
       4.3821211
       4.3371034
       4.2917835
       4.2464431
       4.2008850
       4.1534521
       4.1013464
       4.0433372
       3.9813767
       3.9185389
       3.8572577
       3.7975717
       3.7386300
       3.6797046
       3.6203272
       3.5602562
       3.4994213
       3.4378321
       3.3754742
       3.3123220
       3.2483770
       3.1836188
       3.1180589
       3.0517215
       2.9846168
       2.9167421
       2.8480493
       2.7784106
       2.7077458
       2.6360138
       2.5632034
       2.4893769
       2.4148405
       2.3398652
       2.2647462
       2.1897947
       2.1152847
       2.0414871
       1.9686070
       1.8968316
       1.8263462
       1.7573993
       1.6905647
       1.6272417
       1.5687863
       1.5151433
       1.4635575
       1.4110837
       1.3569473
       1.3037711
       1.2534972
       1.2059674
       1.1607926
       1.1180232
       1.0779865
       1.0409835
       1.0070661
      0.97609256
      0.94795509
      0.92245514
      0.89945428
      0.87873777
      0.86015728
      0.84349666
      0.82860381
      0.81526702
      0.80328260
      0.79241657
      0.78240988
      0.77302941
      0.76410444
      0.75556800
      0.74743713
      0.73980597
      0.73283823
      0.72683502
      0.72248927
      0.72080205
      0.72171552
      0.72264667
      0.72014802
      0.71520855
      0.70926137
      0.70358853
      0.69822876
      0.69253483
      0.68629826
      0.67969985
      0.67304126
      0.66663327
      0.66070885
      0.65534890
      0.65054680
      0.64624604
      0.64240985
      0.63911885
      0.63650464
      0.63474554
      0.63404409
      0.63435341
      0.63509724
      0.63602093
      0.63763380
      0.64057001
      0.64487430
      0.64966390
      0.65369626
      0.65748716
      0.66245722
      0.66831082
      0.67420299
      0.68034457
      0.68761093
      0.69624809
      0.70610738
      0.71706960
      0.72905298
      0.74200836
      0.75580314
      0.77026261
      0.78528035
      0.80070988
      0.81646371
      0.83244993
      0.84865101
      0.86496740
      0.88133955
      0.89765319
      0.91377148
      0.92956738
      0.94490057
      0.95965651
      0.97374561
      0.98709122
      0.99967251
       1.0114195
       1.0222912
       1.0322492
       1.0411501
       1.0488378
       1.0552667
       1.0601904
       1.0630933
       1.0635313
       1.0614503
       1.0576416
       1.0526874
       1.0465520
       1.0388965
       1.0294485
       1.0182876
       1.0057938
      0.99239638
      0.97814524
      0.96278059
      0.94632969
      0.92904082
      0.91122550
      0.89283545
      0.87365713
      0.85356303
      0.83272529
      0.81168356
      0.79085951
      0.77034541
      0.75010252
      0.73010564
      0.71035786
      0.69070375
      0.67066588
      0.65010952
      0.62884431
      0.60759335
      0.58741229
      0.56894207
      0.55189796
      0.53566482
      0.51996032
      0.50510511
      0.49142508
      0.47885950
      0.46727719
      0.45662682
      0.44687949
      0.43794518
      0.42972164
      0.42215866
      0.41525346
      0.40899077
      0.40329732
      0.39804751
      0.39310049
      0.38838441
      0.38396081
      0.37998852
      0.37658790
      0.37381352
      0.37164530
      0.37004675
      0.36895631
      0.36829964
      0.36797852
      0.36786003
      0.36781294
      0.36777826
      0.36770831
      0.36759122
      0.36727898
      0.36662204
      0.36525956
      0.36273503
      0.35910461
      0.35468089
      0.35013107
      0.34601353
      0.34259514
      0.34004205
      0.33793335
      0.33543595
      0.33223130
      0.32821421
      0.32427822
      0.32138749
      0.31962167
      0.31852592
      0.31786291
      0.31760529
      0.31760786
      0.31765840
      0.31757790
      0.31742362
      0.31742608
      0.31784877
      0.31896186
      0.32102842
      0.32400898
      0.32692227
      0.32899109
      0.32970055
      0.32979225
      0.33103783
      0.33390636
      0.33772372
      0.34195226
      0.34642238
      0.35131228
      0.35688395
      0.36328816
      0.37048274
      0.37839053
      0.38693782
      0.39623288
      0.40650788
      0.41788670
      0.43011536
      0.44274786
      0.45528104
      0.46738886
      0.47904924
      0.49045724
      0.50186024
      0.51341622
      0.52519733
      0.53719544
      0.54925729
      0.56112664
      0.57248930
      0.58298178
      0.59235695
      0.60058469
      0.60731401
      0.61213565
      0.61548421
      0.61763182
      0.61931695
      0.62114114
      0.62316665
      0.62372593
      0.62191842
      0.61979990
      0.61925129
      0.62058052
      0.62309236
      0.62590031
      0.62842836
      0.63045497
      0.63190810
      0.63272182
      0.63289796
      0.63252905
      0.63172072
      0.63061837
      0.62932156
      0.62778738
      0.62593312
      0.62371617
      0.62112815
      0.61817646
      0.61474863
      0.61065258
      0.60564928
      0.59961622
      0.59288425
      0.58605902
      0.57937362
      0.57279170
      0.56630030
      0.55972278
      0.55261221
      0.54458985
      0.53579651
      0.52668110
      0.51735325
      0.50754686
      0.49739772
      0.48703157
      0.47645687
      0.46582059
      0.45533761
      0.44530044
      0.43594383
      0.42738865
      0.41956687
      0.41236058
      0.40569794
      0.39936429
      0.39282718
      0.38576336
      0.37852382
      0.37170335
      0.36528241
      0.35881098
      0.35280707
      0.34807911
      0.34468670
      0.34239452
      0.34090760
      0.33961995
      0.33773974
      0.33482870
      0.33080729
      0.32568855
      0.32002927
      0.31510255
      0.31175666
      0.31002528
      0.30945788
      0.30955166
      0.30980672
      0.30976868
      0.30953427
      0.30934557
      0.30928751
      0.30929600
      0.30900361
      0.30824157
      0.30712287
      0.30571858
      0.30415587
      0.30267196
      0.30173838
      0.30175265
      0.30274843
      0.30436085
      0.30602136
      0.30711004
      0.30733595
      0.30657964
      0.30497481
      0.30281188
      0.30068605
      0.29901082
      0.29786529
      0.29719210
      0.29671579
      0.29598600
      0.29464997
      0.29268363
      0.29052478
      0.28873449
      0.28737192
      0.28680052
      0.28683653
      0.28622797
      0.28469055
      0.28275057
      0.28120527
      0.28048249
      0.28019570
      0.27976236
      0.27892702
      0.27783977
      0.27684101
      0.27623557
      0.27613537
      0.27653329
      0.27737693
      0.27851186
      0.27991274
      0.28175420
      0.28414945
      0.28699778
      0.29006753
      0.29326400
      0.29665208
      0.30052434
      0.30503842
      0.30986924
      0.31466444
      0.31946900
      0.32456350
      0.33017121
      0.33638390
      0.34321590
      0.35064945
      0.35860184
      0.36695975
      0.37569279
      0.38487555
      0.39465442
      0.40516681
      0.41634948
      0.42764712
      0.43847527
      0.44850758
      0.45773022
      0.46655552
      0.47520905
      0.48373325
      0.49219861
      0.50075713
      0.50945175
      0.51815448
      0.52684959
      0.53546395
      0.54344789
      0.55008399
      0.55544661
      0.56030576
      0.56500463
      0.56912379
      0.57243283
      0.57538164
      0.57873373
      0.58286192
      0.58778434
      0.59336688
      0.59937721
      0.60552952
      0.61153339
      0.61708145
      0.62187999
      0.62576184
      0.62882633
      0.63131792
      0.63345617
      0.63539010
      0.63725513
      0.63919026
      0.64129509
      0.64361883
      0.64616876
      0.64894095
      0.65198573
      0.65541964
      0.65925540
      0.66314295
      0.66649764
      0.66914419
      0.67169690
      0.67498134
      0.67881695
      0.68140891
      0.68094907
      0.67724972
      0.67196686
      0.66708886
      0.66313223
      0.65934392
      0.65489763
      0.64941001
      0.64317959
      0.63713845
      0.63206379
      0.62818774
      0.62527773
      0.62294580
      0.62091230
      0.61897555
      0.61700901
      0.61493855
      0.61263861
      0.60994058
      0.60680773
      0.60339393
      0.59994600
      0.59665373
      0.59354833
      0.59049142
      0.58727195
      0.58375713
      0.57996483
      0.57611038
      0.57249249
      0.56930991
      0.56660538
      0.56427166
      0.56210998
      0.55986326
      0.55722558
      0.55390560
      0.54983016
      0.54519179
      0.54027961
      0.53526818
      0.53012044
      0.52465229
      0.51874118
      0.51240040
      0.50583221
      0.49930817
      0.49303670
      0.48724340
      0.48211724
      0.47764635
      0.47366262
      0.46995318
      0.46635052
      0.46276398
      0.45916704
      0.45557923
      0.45206262
      0.44871515
      0.44564902
      0.44291157
      0.44042768
      0.43802999
      0.43554456
      0.43289340
      0.43011027
      0.42731150
      0.42469117
      0.42240949
      0.42033291
      0.41799003
      0.41495187
      0.41111835
      0.40656142
      0.40129754
      0.39540510
      0.38929577
      0.38343400
      0.37791063
      0.37247441
      0.36689076
      0.36121591
      0.35564824
      0.35028253
      0.34508935
      0.34004864
      0.33518963
      0.33054517
      0.32612349
      0.32193041
      0.31799512
      0.31433994
      0.31095229
      0.30778614
      0.30476665
      0.30178489
      0.29870966
      0.29539064
      0.29171210
      0.28767192
      0.28341266
      0.27907588
      0.27482484
      0.27078626
      0.26702699
      0.26352112
      0.26016469
      0.25684684
      0.25350800
      0.25017204
      0.24689539
      0.24371630
      0.24065000
      0.23769920
      0.23483600
      0.23198028
      0.22903590
      0.22597391
      0.22285546
      0.21976656
      0.21677562
      0.21394375
      0.21130685
      0.20884920
      0.20651490
      0.20429135
      0.20200855
      0.19922676
      0.19574946
      0.19178598
      0.18773718
      0.18389171
      0.18034418
      0.17711517
      0.17418290
      0.17146349
      0.16885897
      0.16634235
      0.16395683
      0.16171488
      0.15950554
      0.15710710
      0.15440352
      0.15150133
      0.14858798
      0.14578963
      0.14315184
      0.14066914
      0.13827030
      0.13583751
      0.13330038
      0.13070633
      0.12814479
      0.12565452
      0.12323655
      0.12090644
      0.11870165
      0.11664127
      0.11471050
      0.11288275
      0.11113884
      0.10945608
      0.10780841
      0.10619155
      0.10460053
      0.10300194
      0.10137241
     0.099741383
     0.098143320
     0.096532133
     0.094822047
     0.093006097
     0.091172476
     0.089417712
     0.087802027
     0.086360182
     0.085100006
     0.083974665
     0.082890664
     0.081769898
     0.080595413
     0.079385824
     0.078146704
     0.076859659
     0.075542214
     0.074261639
     0.073078914
     0.072000260
     0.070993228
     0.070032643
     0.069115827
     0.068247593
     0.067417581
     0.066602205
     0.065786029
     0.064967946
     0.064153947
     0.063345042
     0.062538755
     0.061731548
     0.060919777
     0.060103447
     0.059287220
     0.058477384
     0.057677875
     0.056889534
     0.056111772
     0.055343821
     0.054585014
     0.053834749
     0.053092443
     0.052357379
     0.051628306
     0.050902532
