       12.755649
       12.719383
       12.683178
       12.647059
       12.611033
       12.575099
       12.539258
       12.503508
       12.467851
       12.432286
       12.396812
       12.361430
       12.326139
       12.290938
       12.255828
       12.220808
       12.185879
       12.151039
       12.116288
       12.081627
       12.047056
       12.012573
       11.978179
       11.943874
       11.909660
       11.875538
       11.841513
       11.807590
       11.773782
       11.740105
       11.706579
       11.673233
       11.640093
       11.607180
       11.574492
       11.541992
       11.509587
       11.477119
       11.444370
       11.411090
       11.377035
       11.342016
       11.305933
       11.268790
       11.230696
       11.191829
       11.152388
       11.112547
       11.072340
       11.031590
       10.990023
       10.947478
       10.904501
       10.862743
       10.824692
       10.792647
       10.768062
       10.751428
       10.742481
       10.740516
       10.744635
       10.753932
       10.767608
       10.784985
       10.805501
       10.828665
       10.854017
       10.881105
       10.909487
       10.938731
       10.968431
       10.998231
       11.027854
       11.057097
       11.085834
       11.114043
       11.141744
       11.168980
       11.195832
       11.222357
       11.248586
       11.274520
       11.300142
       11.325444
       11.350420
       11.375069
       11.399412
       11.423488
       11.447325
       11.470995
       11.494605
       11.518281
       11.542201
       11.566550
       11.591513
       11.617196
       11.643458
       11.669747
       11.695300
       11.719401
       11.741211
       11.759424
       11.773236
       11.783279
       11.791139
       11.797726
       11.803486
       11.808571
       11.812700
       11.815586
       11.817433
       11.819129
       11.821591
       11.825089
       11.829430
       11.834493
       11.840387
       11.847204
       11.854891
       11.863336
       11.872386
       11.881802
       11.891333
       11.900720
       11.909731
       11.918162
       11.925847
       11.932666
       11.938565
       11.943562
       11.947754
       11.951220
       11.953982
       11.956001
       11.957294
       11.957942
       11.958053
       11.957723
       11.957028
       11.956019
       11.954757
       11.953283
       11.951636
       11.949835
       11.947881
       11.945755
       11.943430
       11.940864
       11.938017
       11.934861
       11.931379
       11.927571
       11.923443
       11.918989
       11.914183
       11.908992
       11.903371
       11.897311
       11.890795
       11.883841
       11.876467
       11.868698
       11.860550
       11.852043
       11.843200
       11.834042
       11.824591
       11.814874
       11.804920
       11.794754
       11.784402
       11.773873
       11.763153
       11.752199
       11.740953
       11.729350
       11.717323
       11.704807
       11.691740
       11.678067
       11.663742
       11.648731
       11.633013
       11.616569
       11.599382
       11.581443
       11.562742
       11.543274
       11.523031
       11.502004
       11.480187
       11.457574
       11.434166
       11.409975
       11.385022
       11.359341
       11.332976
       11.305986
       11.278436
       11.250399
       11.221948
       11.193161
       11.164105
       11.134848
       11.105444
       11.075945
       11.046389
       11.016807
       10.987223
       10.957653
       10.928105
       10.898580
       10.869070
       10.839557
       10.810010
       10.780386
       10.750631
       10.720685
       10.690486
       10.659956
       10.629017
       10.597586
       10.565587
       10.532968
       10.499701
       10.465788
       10.431249
       10.396119
       10.360445
       10.324279
       10.287700
       10.250829
       10.213944
       10.177498
       10.141927
       10.107083
       10.071941
       10.035466
       9.9975805
       9.9573034
       9.9145112
       9.8696712
       9.8230825
       9.7750548
       9.7259764
       9.6761334
       9.6257780
       9.5752424
       9.5248314
       9.4746885
       9.4249357
       9.3757482
       9.3272796
       9.2796426
       9.2329141
       9.1871254
       9.1422819
       9.0983663
       9.0553443
       9.0131902
       8.9718597
       8.9313212
       8.8915786
       8.8526584
       8.8145782
       8.7773450
       8.7409805
       8.7055015
       8.6708649
       8.6369321
       8.6034610
       8.5701600
       8.5367745
       8.5031641
       8.4693239
       8.4353503
       8.4013849
       8.3675675
       8.3340082
       8.3007800
       8.2679184
       8.2354273
       8.2032897
       8.1714713
       8.1399266
       8.1086154
       8.0774950
       8.0465327
       8.0157150
       7.9850409
       7.9545118
       7.9241281
       7.8938927
       7.8638105
       7.8338696
       7.8040614
       7.7743625
       7.7447334
       7.7151361
       7.6855373
       7.6558794
       7.6261515
       7.5963706
       7.5664908
       7.5362372
       7.5051670
       7.4725862
       7.4378328
       7.4007843
       7.3621099
       7.3229122
       7.2837566
       7.2447554
       7.2058196
       7.1670305
       7.1287245
       7.0914445
       7.0554951
       7.0205067
       6.9854974
       6.9494989
       6.9119890
       6.8729081
       6.8325721
       6.7913760
       6.7495985
       6.7073834
       6.6647487
       6.6216771
       6.5781936
       6.5343631
       6.4902693
       6.4460840
       6.4021805
       6.3591096
       6.3166530
       6.2738845
       6.2282422
       6.1763404
       6.1166576
       6.0524828
       5.9890842
       5.9287004
       5.8723003
       5.8202378
       5.7714773
       5.7222867
       5.6672518
       5.6030119
       5.5316054
       5.4561617
       5.3786575
       5.3003588
       5.2216477
       5.1418988
       5.0602498
       4.9760863
       4.8892043
       4.7996926
       4.7077520
       4.6135436
       4.5171618
       4.4185983
       4.3177709
       4.2145634
       4.1088872
       4.0007427
       3.8901727
       3.7771275
       3.6615228
       3.5434586
       3.4235237
       3.3026691
       3.1818556
       3.0620102
       2.9443836
       2.8306360
       2.7229321
       2.6219652
       2.5265753
       2.4327649
       2.3382536
       2.2451493
       2.1557580
       2.0708745
       1.9902962
       1.9139398
       1.8419801
       1.7746212
       1.7118689
       1.6536052
       1.5996195
       1.5496659
       1.5035497
       1.4611244
       1.4222852
       1.3869096
       1.3548818
       1.3260191
       1.3001870
       1.2773022
       1.2573026
       1.2399025
       1.2243941
       1.2099760
       1.1965258
       1.1845176
       1.1748564
       1.1681287
       1.1630454
       1.1563452
       1.1459636
       1.1336150
       1.1212701
       1.1101876
       1.1005608
       1.0921876
       1.0849898
       1.0788816
       1.0737357
       1.0693534
       1.0654687
       1.0617414
       1.0579018
       1.0538894
       1.0497976
       1.0457817
       1.0420063
       1.0386124
       1.0356747
       1.0330850
       1.0308742
       1.0291383
       1.0279686
       1.0272879
       1.0268288
       1.0265988
       1.0270499
       1.0286256
       1.0315629
       1.0360264
       1.0420623
       1.0497210
       1.0590515
       1.0701124
       1.0830015
       1.0978154
       1.1146044
       1.1333384
       1.1539152
       1.1761850
       1.1999003
       1.2247296
       1.2501752
       1.2757439
       1.3012390
       1.3268339
       1.3529151
       1.3796439
       1.4069599
       1.4346255
       1.4624179
       1.4902054
       1.5178813
       1.5453298
       1.5724341
       1.5989686
       1.6246805
       1.6493264
       1.6726585
       1.6944779
       1.7145975
       1.7327431
       1.7481999
       1.7600175
       1.7677455
       1.7718437
       1.7733084
       1.7731372
       1.7718580
       1.7692874
       1.7647422
       1.7573033
       1.7461220
       1.7308905
       1.7123487
       1.6918007
       1.6702634
       1.6477620
       1.6238571
       1.5980503
       1.5701429
       1.5404482
       1.5094054
       1.4777405
       1.4461207
       1.4148129
       1.3837325
       1.3523891
       1.3197209
       1.2850535
       1.2482699
       1.2102952
       1.1724348
       1.1359300
       1.1015807
       1.0694842
       1.0393421
       1.0107748
      0.98352963
      0.95748178
      0.93261765
      0.90895697
      0.88650428
      0.86523046
      0.84509285
      0.82611893
      0.80846876
      0.79240459
      0.77812545
      0.76547213
      0.75365843
      0.74113833
      0.72690476
      0.71140196
      0.69624842
      0.68304540
      0.67259907
      0.66470148
      0.65885236
      0.65453835
      0.65138671
      0.64916148
      0.64767074
      0.64686267
      0.64674033
      0.64736738
      0.64869696
      0.65028338
      0.65151753
      0.65185428
      0.65104404
      0.64908615
      0.64604919
      0.64224054
      0.63806891
      0.63323346
      0.62707719
      0.61920162
      0.61012830
      0.60101913
      0.59302731
      0.58644156
      0.58089859
      0.57605240
      0.57186079
      0.56842805
      0.56579954
      0.56382161
      0.56229927
      0.56108265
      0.56016716
      0.55961844
      0.55954743
      0.56009242
      0.56132802
      0.56328194
      0.56595903
      0.56925070
      0.57296434
      0.57699442
      0.58162892
      0.58754403
      0.59408257
      0.59879060
      0.60001329
      0.59744932
      0.59389260
      0.59285267
      0.59529493
      0.60066246
      0.60827219
      0.61769481
      0.62869748
      0.64104304
      0.65453977
      0.66916189
      0.68503032
      0.70219556
      0.72012757
      0.73796524
      0.75500332
      0.77121947
      0.78712060
      0.80312320
      0.81927093
      0.83549148
      0.85176460
      0.86815257
      0.88472841
      0.90144797
      0.91822837
      0.93495747
      0.95155102
      0.96786101
      0.98372728
      0.99912338
       1.0141724
       1.0290392
       1.0436875
       1.0578271
       1.0710690
       1.0829860
       1.0931675
       1.1014403
       1.1079112
       1.1126461
       1.1158024
       1.1177847
       1.1190255
       1.1193518
       1.1174491
       1.1127362
       1.1054124
       1.0973621
       1.0912449
       1.0875937
       1.0852641
       1.0831403
       1.0808092
       1.0780052
       1.0741817
       1.0685550
       1.0610341
       1.0524263
       1.0433201
       1.0333888
       1.0225378
       1.0121230
       1.0033710
      0.99423752
      0.98026075
      0.96019382
      0.93802609
      0.91771014
      0.90037341
      0.88502289
      0.87049296
      0.85618713
      0.84185538
      0.82720348
      0.81187535
      0.79594844
      0.78007014
      0.76503467
      0.75094034
      0.73695621
      0.72262274
      0.70781935
      0.69229144
      0.67583751
      0.65882443
      0.64209173
      0.62665463
      0.61305827
      0.60130518
      0.59112111
      0.58214240
      0.57409942
      0.56683482
      0.56029884
      0.55456584
      0.54971307
      0.54580705
      0.54286759
      0.54091664
      0.53989549
      0.53960636
      0.53969284
      0.53983449
      0.53990589
      0.53996923
      0.53989066
      0.53957144
      0.53943213
      0.53952686
      0.53802260
      0.53381044
      0.52935416
      0.52823992
      0.53003269
      0.52928583
      0.52199957
      0.51011437
      0.49845760
      0.48968150
      0.48366376
      0.47932391
      0.47587380
      0.47290191
      0.47007436
      0.46694350
      0.46320326
      0.45925097
      0.45563825
      0.45253335
      0.44987128
      0.44781557
      0.44647464
      0.44551829
      0.44403062
      0.44161124
      0.43888635
      0.43667514
      0.43527243
      0.43403122
      0.43276770
      0.43152841
      0.43013125
      0.42759984
      0.42328763
      0.41805835
      0.41305680
      0.40932898
      0.40712240
      0.40617002
      0.40614665
      0.40684925
      0.40807149
      0.40941828
      0.41033851
      0.41057550
      0.41027453
      0.41007555
      0.41071986
      0.41241145
      0.41499145
      0.41830158
      0.42220148
      0.42666052
      0.43193611
      0.43839981
      0.44573185
      0.45277828
      0.45904587
      0.46502288
      0.47107225
      0.47610037
      0.47900611
      0.48002536
      0.48095114
      0.48352605
      0.48803925
      0.49403680
      0.50111523
      0.50883439
      0.51648050
      0.52345176
      0.52955533
      0.53478506
      0.53931630
      0.54400805
      0.54998742
      0.55760744
      0.56633117
      0.57547203
      0.58455629
      0.59353293
      0.60255910
      0.61180818
      0.62130739
      0.63087900
      0.64032734
      0.64958725
      0.65854073
      0.66695816
      0.67466491
      0.68158340
      0.68768519
      0.69292167
      0.69740585
      0.70156182
      0.70577805
      0.71025873
      0.71514600
      0.72049966
      0.72608231
      0.73142642
      0.73620726
      0.74052088
      0.74485607
      0.74961241
      0.75442878
      0.75823636
      0.75990658
      0.75867744
      0.75512737
      0.75092854
      0.74742415
      0.74398822
      0.73967486
      0.73510249
      0.73132324
      0.72874842
      0.72718372
      0.72625551
      0.72571023
      0.72525453
      0.72449567
      0.72318499
      0.72133528
      0.71904972
      0.71631391
      0.71304002
      0.70921574
      0.70490856
      0.70026015
      0.69555945
      0.69117593
      0.68735253
      0.68408213
      0.68117404
      0.67841539
      0.67565242
      0.67284020
      0.67008847
      0.66762480
      0.66561465
      0.66395882
      0.66231284
      0.66041615
      0.65839813
      0.65638056
      0.65339800
      0.64798534
      0.63954092
      0.62963314
      0.62051053
      0.61313241
      0.60681859
      0.59976059
      0.59057183
      0.57958677
      0.56870060
      0.55943493
      0.55190465
      0.54552986
      0.53988910
      0.53487555
      0.53042875
      0.52619478
      0.52145157
      0.51542621
      0.50779890
      0.49897524
      0.48987239
      0.48140052
      0.47401900
      0.46767937
      0.46211713
      0.45712336
      0.45260169
      0.44850689
      0.44482767
      0.44141300
      0.43780530
      0.43342179
      0.42813770
      0.42227314
      0.41627286
      0.41043408
      0.40483920
      0.39947691
      0.39427870
      0.38909379
      0.38371940
      0.37810070
      0.37249961
      0.36726165
      0.36254363
      0.35831295
      0.35446654
      0.35090509
      0.34755397
      0.34435480
      0.34129860
      0.33843671
      0.33578648
      0.33317744
      0.33026057
      0.32674612
      0.32262904
      0.31821829
      0.31389998
      0.30987476
      0.30616022
      0.30267921
      0.29930340
      0.29599297
      0.29293502
      0.29002318
      0.28637864
      0.28136082
      0.27543986
      0.26958960
      0.26449902
      0.26025490
      0.25658420
      0.25318835
      0.24988565
      0.24659876
      0.24330497
      0.23996539
      0.23643814
      0.23256640
      0.22843200
      0.22440291
      0.22083157
      0.21781129
      0.21521047
      0.21281580
      0.21045697
      0.20807142
      0.20551397
      0.20245987
      0.19867151
      0.19446493
      0.19044174
      0.18695188
      0.18397933
      0.18135244
      0.17893290
      0.17663172
      0.17439575
      0.17219711
      0.17005027
      0.16799805
      0.16606808
      0.16425208
      0.16251656
      0.16083361
      0.15920150
      0.15761235
      0.15605007
      0.15448687
      0.15284583
      0.15113586
      0.14955705
      0.14804967
      0.14626075
      0.14404634
      0.14159055
      0.13915703
      0.13690876
      0.13489583
      0.13314271
      0.13164995
      0.13037842
      0.12923207
      0.12802212
      0.12649364
      0.12449865
      0.12208054
      0.11944697
      0.11683143
      0.11430830
      0.11185968
      0.10953346
      0.10741690
      0.10555323
      0.10390100
      0.10238046
      0.10093208
     0.099523155
     0.098122388
     0.096679052
     0.095144450
     0.093528757
     0.091923777
     0.090433726
     0.089103854
     0.087911118
     0.086799035
     0.085704928
     0.084583919
     0.083462985
     0.082384247
     0.081365477
     0.080461707
     0.079647622
     0.078815130
     0.077901280
     0.076914035
     0.075902242
     0.074924665
     0.074009229
     0.073136706
     0.072272841
     0.071423584
     0.070620391
     0.069868706
     0.069134199
     0.068377827
     0.067568638
     0.066684218
     0.065723021
     0.064724002
     0.063738037
     0.062788240
     0.061871571
     0.060982069
     0.060118644
     0.059279834
     0.058462192
     0.057662068
     0.056876490
     0.056102730
     0.055338464
     0.054582273
     0.053833538
     0.053091986
     0.052357233
     0.051628263
     0.050902516
