       12.755656
       12.719385
       12.683178
       12.647059
       12.611033
       12.575099
       12.539258
       12.503508
       12.467851
       12.432286
       12.396812
       12.361430
       12.326139
       12.290938
       12.255828
       12.220808
       12.185879
       12.151039
       12.116288
       12.081628
       12.047056
       12.012573
       11.978179
       11.943875
       11.909663
       11.875544
       11.841527
       11.807620
       11.773844
       11.740226
       11.706807
       11.673639
       11.640781
       11.608282
       11.576160
       11.544377
       11.512806
       11.481229
       11.449347
       11.416824
       11.383340
       11.348638
       11.312536
       11.274893
       11.235539
       11.194186
       11.150361
       11.103393
       11.052448
       10.996690
       10.935610
       10.869569
       10.800278
       10.730817
       10.664781
       10.604914
       10.552522
       10.507615
       10.469462
       10.437050
       10.409359
       10.385493
       10.364702
       10.346345
       10.329833
       10.314578
       10.300004
       10.285570
       10.270832
       10.255483
       10.239345
       10.222340
       10.204467
       10.185789
       10.166434
       10.146581
       10.126426
       10.106169
       10.085995
       10.066070
       10.046540
       10.027522
       10.009097
       9.9913089
       9.9741719
       9.9576628
       9.9417187
       9.9262385
       9.9110826
       9.8960797
       9.8810426
       9.8657851
       9.8501230
       9.8338975
       9.8169973
       9.7993696
       9.7810128
       9.7619718
       9.7423356
       9.7222235
       9.7017834
       9.6811843
       9.6605951
       9.6401751
       9.6200549
       9.6003349
       9.5810834
       9.5623147
       9.5440156
       9.5261304
       9.5085829
       9.4912743
       9.4740903
       9.4569161
       9.4396478
       9.4221763
       9.4044242
       9.3863377
       9.3678965
       9.3491183
       9.3300526
       9.3107635
       9.2913199
       9.2717950
       9.2522660
       9.2328069
       9.2134873
       9.1943725
       9.1755227
       9.1569963
       9.1388398
       9.1210870
       9.1037475
       9.0868098
       9.0702454
       9.0540119
       9.0380534
       9.0223004
       9.0066747
       8.9910915
       8.9754681
       8.9597379
       8.9438444
       8.9277507
       8.9114400
       8.8949042
       8.8781559
       8.8612117
       8.8440966
       8.8268263
       8.8094178
       8.7918791
       8.7742202
       8.7564610
       8.7386296
       8.7207597
       8.7028975
       8.6850918
       8.6673838
       8.6498431
       8.6325796
       8.6158191
       8.5999151
       8.5852818
       8.5722267
       8.5607527
       8.5504728
       8.5407425
       8.5308863
       8.5203393
       8.5086778
       8.4956689
       8.4813637
       8.4661410
       8.4504776
       8.4345135
       8.4176570
       8.3986130
       8.3760867
       8.3497454
       8.3207155
       8.2914874
       8.2639933
       8.2380917
       8.2134016
       8.1893259
       8.1653455
       8.1415221
       8.1178628
       8.0943464
       8.0710981
       8.0483396
       8.0262515
       8.0049141
       7.9843217
       7.9644098
       7.9450923
       7.9262744
       7.9078632
       7.8897851
       7.8719637
       7.8543495
       7.8368964
       7.8195668
       7.8023143
       7.7850949
       7.7678627
       7.7505563
       7.7331264
       7.7155207
       7.6976752
       7.6795555
       7.6611307
       7.6423828
       7.6233027
       7.6038842
       7.5841192
       7.5639930
       7.5435047
       7.5226478
       7.5014364
       7.4799007
       7.4580735
       7.4359967
       7.4137053
       7.3912347
       7.3686280
       7.3459404
       7.3232246
       7.3005305
       7.2778967
       7.2553525
       7.2329124
       7.2106113
       7.1885135
       7.1667782
       7.1456710
       7.1255426
       7.1066728
       7.0889062
       7.0713923
       7.0528253
       7.0323340
       7.0101399
       6.9870856
       6.9639234
       6.9411134
       6.9188174
       6.8970235
       6.8757069
       6.8548593
       6.8344438
       6.8143914
       6.7946012
       6.7749625
       6.7553607
       6.7356992
       6.7159142
       6.6959722
       6.6758741
       6.6556601
       6.6353961
       6.6151694
       6.5950836
       6.5752458
       6.5557732
       6.5367788
       6.5183652
       6.5006142
       6.4835916
       6.4673548
       6.4519482
       6.4373999
       6.4237183
       6.4108730
       6.3988177
       6.3875389
       6.3770507
       6.3675038
       6.3591067
       6.3518856
       6.3453924
       6.3386921
       6.3310330
       6.3223909
       6.3134341
       6.3051073
       6.2981460
       6.2928983
       6.2894226
       6.2876467
       6.2874135
       6.2884976
       6.2906253
       6.2934897
       6.2968575
       6.3006057
       6.3047598
       6.3095043
       6.3151165
       6.3218693
       6.3300090
       6.3396396
       6.3507573
       6.3632699
       6.3770501
       6.3919598
       6.4079572
       6.4250804
       6.4434909
       6.4635725
       6.4862908
       6.5135127
       6.5470798
       6.5862814
       6.6267723
       6.6648720
       6.7009433
       6.7356830
       6.7704167
       6.8032543
       6.8290274
       6.8429234
       6.8450119
       6.8397432
       6.8291913
       6.8162457
       6.8022506
       6.7891085
       6.7774124
       6.7666944
       6.7559293
       6.7435711
       6.7279626
       6.7079484
       6.6827039
       6.6520027
       6.6163829
       6.5766450
       6.5335289
       6.4876353
       6.4394361
       6.3892275
       6.3371861
       6.2834129
       6.2280355
       6.1712887
       6.1134268
       6.0544888
       5.9943389
       5.9327348
       5.8692663
       5.8034590
       5.7348544
       5.6630507
       5.5877188
       5.5086811
       5.4259068
       5.3394877
       5.2496232
       5.1565687
       5.0605961
       4.9619973
       4.8611138
       4.7583960
       4.6544230
       4.5498730
       4.4457544
       4.3438986
       4.2476324
       4.1609562
       4.0845970
       4.0085319
       3.9184494
       3.8136583
       3.7025954
       3.5960907
       3.4964952
       3.3968359
       3.2957921
       3.1963776
       3.1013585
       3.0116586
       2.9272973
       2.8480282
       2.7739864
       2.7053793
       2.6422363
       2.5844662
       2.5318599
       2.4841892
       2.4412285
       2.4027850
       2.3686888
       2.3387356
       2.3127021
       2.2903119
       2.2713360
       2.2553955
       2.2421675
       2.2312524
       2.2221899
       2.2143998
       2.2072368
       2.1999988
       2.1920863
       2.1830364
       2.1727363
       2.1613956
       2.1495878
       2.1381240
       2.1281586
       2.1208605
       2.1167449
       2.1151415
       2.1154713
       2.1173212
       2.1202447
       2.1236849
       2.1266996
       2.1279330
       2.1263020
       2.1215931
       2.1143464
       2.1051117
       2.0941674
       2.0816780
       2.0679573
       2.0534500
       2.0386207
       2.0240043
       2.0101346
       1.9974798
       1.9865218
       1.9777397
       1.9716688
       1.9687737
       1.9692330
       1.9728741
       1.9795459
       1.9894672
       2.0029088
       2.0198274
       2.0397378
       2.0619310
       2.0868636
       2.1162132
       2.1515022
       2.1926191
       2.2388652
       2.2900549
       2.3459853
       2.4062313
       2.4694341
       2.5326611
       2.5921088
       2.6457238
       2.6943937
       2.7403595
       2.7856891
       2.8313000
       2.8769042
       2.9212677
       2.9627266
       3.0005903
       3.0349725
       3.0664395
       3.0957008
       3.1232114
       3.1488282
       3.1721747
       3.1928849
       3.2106117
       3.2248650
       3.2355333
       3.2421626
       3.2452149
       3.2455545
       3.2438234
       3.2400918
       3.2342726
       3.2260060
       3.2149939
       3.2008199
       3.1831177
       3.1617170
       3.1369312
       3.1092570
       3.0792368
       3.0472726
       3.0134825
       2.9778779
       2.9403586
       2.9008496
       2.8593548
       2.8157483
       2.7697561
       2.7211940
       2.6699256
       2.6156956
       2.5581109
       2.4972656
       2.4338499
       2.3689656
       2.3036732
       2.2392590
       2.1774191
       2.1197045
       2.0669944
       2.0194599
       1.9766833
       1.9377224
       1.9015901
       1.8680118
       1.8389231
       1.8173942
       1.8048600
       1.7970215
       1.7861194
       1.7665638
       1.7392136
       1.7076350
       1.6750259
       1.6437900
       1.6157862
       1.5911238
       1.5689709
       1.5486510
       1.5299110
       1.5128603
       1.4979752
       1.4853930
       1.4751129
       1.4671236
       1.4613656
       1.4576668
       1.4558149
       1.4555373
       1.4565924
       1.4587857
       1.4619826
       1.4660837
       1.4710088
       1.4767020
       1.4830332
       1.4898773
       1.4971663
       1.5049234
       1.5132701
       1.5220968
       1.5308217
       1.5385584
       1.5446333
       1.5485166
       1.5497153
       1.5474364
       1.5408743
       1.5298560
       1.5151574
       1.4978805
       1.4791993
       1.4597559
       1.4401090
       1.4217073
       1.4061416
       1.3930429
       1.3805877
       1.3670873
       1.3515953
       1.3325425
       1.3092158
       1.2837956
       1.2613730
       1.2449830
       1.2343799
       1.2274529
       1.2223362
       1.2184622
       1.2154609
       1.2127511
       1.2097738
       1.2061750
       1.2029421
       1.2022546
       1.2053536
       1.2124718
       1.2233383
       1.2377349
       1.2555135
       1.2764732
       1.3002159
       1.3272442
       1.3587758
       1.3954219
       1.4327413
       1.4656364
       1.4911380
       1.5115806
       1.5319530
       1.5545468
       1.5789704
       1.6042148
       1.6306937
       1.6591454
       1.6894896
       1.7212542
       1.7537170
       1.7868371
       1.8200893
       1.8498331
       1.8720953
       1.8838539
       1.8875241
       1.8889309
       1.8908716
       1.8927346
       1.8905802
       1.8797707
       1.8604133
       1.8377640
       1.8181773
       1.8002536
       1.7801193
       1.7593077
       1.7420185
       1.7296196
       1.7207941
       1.7134206
       1.7060199
       1.6978212
       1.6883816
       1.6778641
       1.6668254
       1.6554716
       1.6437407
       1.6312217
       1.6171462
       1.6014092
       1.5849080
       1.5689784
       1.5542737
       1.5395845
       1.5224567
       1.5014856
       1.4776622
       1.4536848
       1.4320685
       1.4139140
       1.3992149
       1.3874347
       1.3761033
       1.3625275
       1.3466255
       1.3282893
       1.3053239
       1.2755489
       1.2389721
       1.1992995
       1.1620853
       1.1302371
       1.1041156
       1.0838879
       1.0683746
       1.0527852
       1.0330017
       1.0095023
      0.98708876
      0.96910766
      0.95549125
      0.94455308
      0.93512760
      0.92708647
      0.92055464
      0.91535169
      0.91110125
      0.90760692
      0.90488558
      0.90288087
      0.90158449
      0.90128878
      0.90224660
      0.90432678
      0.90675979
      0.90863991
      0.91045497
      0.91372695
      0.91833996
      0.92106829
      0.91796455
      0.90955779
      0.90105165
      0.89671677
      0.89553691
      0.89040316
      0.87798914
      0.86144976
      0.84608949
      0.83415653
      0.82498911
      0.81693698
      0.80873436
      0.80056481
      0.79410535
      0.79003897
      0.78774028
      0.78623644
      0.78503218
      0.78410602
      0.78353902
      0.78332266
      0.78314109
      0.78219082
      0.78006050
      0.77691808
      0.77383358
      0.77180114
      0.76941486
      0.76408130
      0.75476864
      0.74266640
      0.72974554
      0.71725042
      0.70568334
      0.69516891
      0.68483958
      0.67314878
      0.66044122
      0.64933005
      0.64054766
      0.63370342
      0.62984016
      0.62656768
      0.61948729
      0.60835266
      0.59593417
      0.58532646
      0.57792533
      0.57345936
      0.57106036
      0.56945062
      0.56764084
      0.56554731
      0.56376680
      0.56270795
      0.56209321
      0.56169805
      0.56226132
      0.56526840
      0.57095225
      0.57572990
      0.57593155
      0.57178605
      0.56723791
      0.56659865
      0.57048079
      0.57723938
      0.58529550
      0.59394175
      0.60292413
      0.61206722
      0.62124778
      0.63053052
      0.63999551
      0.64926843
      0.65721637
      0.66332167
      0.66728376
      0.66906241
      0.66978944
      0.67031978
      0.67005228
      0.66818844
      0.66523671
      0.66256961
      0.66115295
      0.66076831
      0.66063437
      0.66047880
      0.66049839
      0.66017759
      0.65820883
      0.65447924
      0.65064073
      0.64811173
      0.64665336
      0.64547205
      0.64410393
      0.64253351
      0.64090074
      0.63933994
      0.63772972
      0.63547547
      0.63216383
      0.62771494
      0.62281925
      0.61840172
      0.61467467
      0.61133165
      0.60825365
      0.60564579
      0.60372879
      0.60239469
      0.60103612
      0.59890522
      0.59569982
      0.59182057
      0.58863248
      0.58703207
      0.58634881
      0.58509744
      0.58257876
      0.57827759
      0.57090445
      0.56032274
      0.55008850
      0.54243653
      0.53598200
      0.52825424
      0.51888565
      0.50934714
      0.50125595
      0.49541335
      0.49118912
      0.48655683
      0.47991755
      0.47133340
      0.46289634
      0.45600774
      0.45059188
      0.44582745
      0.44131021
      0.43745977
      0.43426138
      0.43001955
      0.42350962
      0.41597316
      0.40931590
      0.40413629
      0.40006359
      0.39672629
      0.39400420
      0.39138256
      0.38827268
      0.38519023
      0.38322965
      0.38151474
      0.37768367
      0.37142641
      0.36487787
      0.35955910
      0.35520019
      0.35097365
      0.34673133
      0.34276441
      0.33893261
      0.33492720
      0.33090192
      0.32728031
      0.32427007
      0.32177284
      0.31954444
      0.31740069
      0.31525181
      0.31308600
      0.31094340
      0.30890180
      0.30706241
      0.30552309
      0.30426331
      0.30298061
      0.30122378
      0.29876213
      0.29589286
      0.29320905
      0.29094567
      0.28897249
      0.28718564
      0.28563628
      0.28422426
      0.28278669
      0.28119502
      0.27962200
      0.27843178
      0.27743286
      0.27549848
      0.27157902
      0.26573194
      0.25892644
      0.25272600
      0.24821256
      0.24541480
      0.24374551
      0.24243662
      0.24104777
      0.23947877
      0.23730230
      0.23362988
      0.22826493
      0.22230751
      0.21709827
      0.21322280
      0.21049795
      0.20856184
      0.20703709
      0.20564228
      0.20441385
      0.20347252
      0.20248300
      0.20061464
      0.19729962
      0.19318808
      0.18950421
      0.18677718
      0.18481903
      0.18324106
      0.18179585
      0.18039149
      0.17899343
      0.17756191
      0.17603033
      0.17431854
      0.17239826
      0.17036429
      0.16842181
      0.16674368
      0.16535737
      0.16418927
      0.16316730
      0.16224523
      0.16138979
      0.16059172
      0.15982673
      0.15901449
      0.15809428
      0.15696260
      0.15535547
      0.15317924
      0.15078491
      0.14848084
      0.14636504
      0.14442473
      0.14265403
      0.14106298
      0.13966290
      0.13846024
      0.13743846
      0.13653551
      0.13566792
      0.13483263
      0.13415952
      0.13354561
      0.13238951
      0.13012033
      0.12686371
      0.12347764
      0.12065375
      0.11847436
      0.11675085
      0.11531109
      0.11406834
      0.11293418
      0.11174578
      0.11035857
      0.10883154
      0.10738092
      0.10610864
      0.10493636
      0.10375100
      0.10252195
      0.10130502
      0.10017310
     0.099138543
     0.098105681
     0.096941353
     0.095592623
     0.094171492
     0.092873455
     0.091808645
     0.090938051
     0.090118039
     0.089231950
     0.088274995
     0.087289663
     0.086266340
     0.085160960
     0.083971429
     0.082760354
     0.081606826
     0.080569210
     0.079671230
     0.078889152
     0.078156812
     0.077406797
     0.076609114
     0.075788673
     0.075009919
     0.074230646
     0.073231256
     0.071901291
     0.070499306
     0.069262822
     0.068156369
     0.067107286
     0.066124953
     0.065258184
     0.064504243
     0.063798223
     0.063085268
     0.062352986
     0.061605532
     0.060842834
     0.060064265
     0.059273762
     0.058478371
     0.057684869
     0.056897668
     0.056118733
     0.055348715
     0.054587850
     0.053836082
     0.053092935
     0.052357509
     0.051628315
     0.050902514
