       12.755658
       12.719385
       12.683178
       12.647059
       12.611033
       12.575099
       12.539258
       12.503508
       12.467851
       12.432286
       12.396812
       12.361430
       12.326139
       12.290938
       12.255828
       12.220808
       12.185879
       12.151039
       12.116288
       12.081627
       12.047056
       12.012572
       11.978178
       11.943873
       11.909656
       11.875530
       11.841496
       11.807558
       11.773724
       11.740006
       11.706422
       11.672995
       11.639757
       11.606737
       11.573958
       11.541420
       11.509087
       11.476876
       11.444658
       11.412267
       11.379527
       11.346284
       11.312429
       11.277916
       11.242745
       11.206936
       11.170468
       11.133212
       11.094847
       11.054867
       11.012741
       10.968381
       10.922762
       10.878221
       10.837774
       10.803775
       10.777235
       10.758101
       10.745878
       10.739961
       10.739707
       10.744442
       10.753457
       10.766044
       10.781537
       10.799322
       10.818862
       10.839679
       10.861359
       10.883551
       10.905972
       10.928404
       10.950690
       10.972738
       10.994504
       11.015979
       11.037184
       11.058147
       11.078895
       11.099450
       11.119813
       11.139988
       11.159989
       11.179831
       11.199552
       11.219189
       11.238794
       11.258418
       11.278118
       11.297939
       11.317907
       11.337915
       11.357730
       11.377144
       11.395433
       11.412327
       11.427338
       11.439992
       11.450074
       11.457878
       11.464106
       11.469451
       11.474218
       11.478199
       11.480906
       11.481984
       11.481584
       11.480543
       11.479728
       11.479376
       11.479313
       11.479502
       11.480123
       11.481290
       11.482982
       11.485199
       11.487920
       11.491075
       11.494560
       11.498244
       11.501975
       11.505583
       11.508891
       11.511742
       11.514010
       11.515604
       11.516474
       11.516603
       11.515997
       11.514690
       11.512729
       11.510178
       11.507110
       11.503602
       11.499727
       11.495547
       11.491108
       11.486438
       11.481560
       11.476486
       11.471229
       11.465799
       11.460217
       11.454492
       11.448638
       11.442664
       11.436590
       11.430436
       11.424216
       11.417923
       11.411497
       11.404813
       11.397695
       11.389947
       11.381396
       11.371913
       11.361399
       11.349799
       11.337082
       11.323259
       11.308382
       11.292546
       11.275876
       11.258514
       11.240598
       11.222252
       11.203582
       11.184667
       11.165563
       11.146298
       11.126875
       11.107277
       11.087472
       11.067423
       11.047095
       11.026468
       11.005538
       10.984300
       10.962753
       10.940895
       10.918725
       10.896254
       10.873488
       10.850438
       10.827112
       10.803525
       10.779701
       10.755668
       10.731447
       10.707057
       10.682517
       10.657836
       10.633023
       10.608072
       10.582947
       10.557607
       10.531962
       10.505918
       10.479360
       10.452188
       10.424328
       10.395743
       10.366435
       10.336442
       10.305815
       10.274619
       10.242915
       10.210764
       10.178224
       10.145367
       10.112282
       10.079065
       10.045872
       10.012890
       9.9802489
       9.9479269
       9.9155324
       9.8823459
       9.8476450
       9.8108648
       9.7717043
       9.7300671
       9.6861253
       9.6403337
       9.5932774
       9.5455124
       9.4974742
       9.4494540
       9.4016183
       9.3540358
       9.3066805
       9.2594379
       9.2121427
       9.1646323
       9.1168080
       9.0686828
       9.0204009
       8.9722075
       8.9243780
       8.8771485
       8.8306657
       8.7849961
       8.7401424
       8.6960619
       8.6526792
       8.6099029
       8.5676673
       8.5259888
       8.4849323
       8.4445157
       8.4047040
       8.3652891
       8.3257843
       8.2855845
       8.2442621
       8.2017770
       8.1584034
       8.1144913
       8.0703514
       8.0262327
       7.9823388
       7.9388102
       7.8957661
       7.8533056
       7.8115035
       7.7704208
       7.7300906
       7.6905053
       7.6517291
       7.6138637
       7.5770887
       7.5417133
       7.5080671
       7.4761184
       7.4452037
       7.4142912
       7.3826682
       7.3503144
       7.3177255
       7.2854073
       7.2536622
       7.2225515
       7.1919303
       7.1616299
       7.1314528
       7.1012054
       7.0706978
       7.0397903
       7.0083946
       6.9764664
       6.9440010
       6.9110165
       6.8775577
       6.8436738
       6.8094060
       6.7747848
       6.7398631
       6.7047399
       6.6696443
       6.6348443
       6.6004684
       6.5663917
       6.5321980
       6.4973035
       6.4610130
       6.4228922
       6.3831107
       6.3425217
       6.3018229
       6.2611602
       6.2206304
       6.1802276
       6.1400071
       6.0999251
       6.0599346
       6.0199419
       5.9798183
       5.9394029
       5.8985355
       5.8570899
       5.8149650
       5.7721119
       5.7285098
       5.6841295
       5.6389629
       5.5929687
       5.5461163
       5.4983772
       5.4497680
       5.4003783
       5.3503495
       5.2998449
       5.2490398
       5.1981101
       5.1472379
       5.0966902
       5.0468848
       4.9987729
       4.9539715
       4.9139724
       4.8777903
       4.8410329
       4.7997848
       4.7517437
       4.6980944
       4.6424762
       4.5866415
       4.5305367
       4.4736674
       4.4156562
       4.3561736
       4.2949078
       4.2316974
       4.1666611
       4.0999402
       4.0310567
       3.9586073
       3.8812483
       3.7992437
       3.7138600
       3.6269391
       3.5391988
       3.4503145
       3.3599598
       3.2684119
       3.1762377
       3.0836886
       2.9908448
       2.8976785
       2.8044938
       2.7117052
       2.6197287
       2.5288936
       2.4394332
       2.3515575
       2.2654735
       2.1813565
       2.0993773
       2.0197164
       1.9425520
       1.8680449
       1.7963417
       1.7275771
       1.6618542
       1.5992703
       1.5399360
       1.4839427
       1.4314001
       1.3824468
       1.3371343
       1.2953929
       1.2569463
       1.2213209
       1.1879367
       1.1562082
       1.1257426
       1.0964406
       1.0684023
       1.0418222
       1.0169062
      0.99366988
      0.97206820
      0.95196925
      0.93321711
      0.91569930
      0.89931591
      0.88400023
      0.86973811
      0.85660713
      0.84475587
      0.83430993
      0.82541643
      0.81806570
      0.81202757
      0.80708146
      0.80321794
      0.80048176
      0.79871966
      0.79740315
      0.79577925
      0.79362814
      0.79117351
      0.78858042
      0.78598145
      0.78350486
      0.78132501
      0.77955648
      0.77823623
      0.77731462
      0.77664107
      0.77594761
      0.77491312
      0.77324249
      0.77089238
      0.76807051
      0.76522986
      0.76287800
      0.76150450
      0.76141442
      0.76280515
      0.76578189
      0.77037396
      0.77659815
      0.78443903
      0.79382285
      0.80458991
      0.81652281
      0.82934715
      0.84268093
      0.85623618
      0.86985160
      0.88364689
      0.89822365
      0.91412048
      0.93134876
      0.94931889
      0.96770068
      0.98630314
       1.0051644
       1.0242873
       1.0434301
       1.0622914
       1.0806924
       1.0985255
       1.1157963
       1.1326412
       1.1491743
       1.1654622
       1.1814985
       1.1971713
       1.2123087
       1.2266279
       1.2398858
       1.2517157
       1.2613478
       1.2678499
       1.2709059
       1.2710034
       1.2691489
       1.2663274
       1.2627872
       1.2584665
       1.2532452
       1.2470339
       1.2396905
       1.2309759
       1.2204178
       1.2077209
       1.1931318
       1.1770011
       1.1595934
       1.1410352
       1.1213802
       1.1006874
       1.0791299
       1.0569340
       1.0343065
       1.0114291
      0.98846352
      0.96554489
      0.94276926
      0.92019880
      0.89785330
      0.87571368
      0.85374923
      0.83193701
      0.81029973
      0.78892656
      0.76798255
      0.74776464
      0.72847024
      0.71011772
      0.69250917
      0.67533039
      0.65833970
      0.64154497
      0.62520788
      0.60969870
      0.59528457
      0.58200261
      0.56976942
      0.55843863
      0.54784247
      0.53782579
      0.52822089
      0.51886602
      0.50950197
      0.49987500
      0.48983626
      0.47966624
      0.47004617
      0.46183418
      0.45534531
      0.45032269
      0.44647601
      0.44356461
      0.44144850
      0.44000317
      0.43911519
      0.43858331
      0.43808444
      0.43746385
      0.43671287
      0.43591935
      0.43523339
      0.43461199
      0.43391579
      0.43303909
      0.43189896
      0.43058769
      0.42928452
      0.42794117
      0.42634011
      0.42429267
      0.42185376
      0.41901592
      0.41578099
      0.41248240
      0.40966341
      0.40725344
      0.40427199
      0.39991929
      0.39476311
      0.39011557
      0.38676688
      0.38463679
      0.38324332
      0.38261813
      0.38281015
      0.38372950
      0.38521746
      0.38699382
      0.38879402
      0.39040063
      0.39162693
      0.39260364
      0.39378046
      0.39572560
      0.39880845
      0.40309597
      0.40849755
      0.41490911
      0.42225468
      0.43051532
      0.43969664
      0.44978501
      0.46076266
      0.47256148
      0.48509677
      0.49839323
      0.51257625
      0.52792618
      0.54436710
      0.56077044
      0.57578292
      0.58910520
      0.60140768
      0.61388948
      0.62684822
      0.63957520
      0.65144178
      0.66236334
      0.67295649
      0.68385055
      0.69531127
      0.70743301
      0.72010815
      0.73279183
      0.74449357
      0.75409776
      0.76134343
      0.76692597
      0.77181675
      0.77661734
      0.78149902
      0.78656530
      0.79179888
      0.79679468
      0.80110103
      0.80439624
      0.80663460
      0.80788902
      0.80830853
      0.80817401
      0.80775487
      0.80684160
      0.80500493
      0.80239285
      0.79972851
      0.79740432
      0.79360548
      0.78608458
      0.77354890
      0.75733732
      0.74162592
      0.72888248
      0.71845404
      0.70866943
      0.69862435
      0.68808342
      0.67711986
      0.66602043
      0.65521169
      0.64497487
      0.63524474
      0.62572723
      0.61628273
      0.60716970
      0.59894607
      0.59145778
      0.58334176
      0.57365569
      0.56280213
      0.55176320
      0.54116420
      0.53123182
      0.52221513
      0.51446766
      0.50791355
      0.50088780
      0.49106443
      0.47859965
      0.46583377
      0.45460646
      0.44526583
      0.43728167
      0.43008581
      0.42340350
      0.41720304
      0.41154261
      0.40653116
      0.40220941
      0.39850442
      0.39522246
      0.39220827
      0.38945730
      0.38704468
      0.38498561
      0.38325185
      0.38181426
      0.38059781
      0.37951861
      0.37852256
      0.37772391
      0.37729757
      0.37708228
      0.37668023
      0.37592978
      0.37503060
      0.37423473
      0.37360775
      0.37322288
      0.37318193
      0.37316729
      0.37300400
      0.37359366
      0.37576560
      0.37799994
      0.37753764
      0.37300040
      0.36518432
      0.35610381
      0.34773505
      0.34080448
      0.33534828
      0.33113634
      0.32789418
      0.32529083
      0.32315487
      0.32138619
      0.31988449
      0.31864268
      0.31779266
      0.31740260
      0.31743017
      0.31785107
      0.31861976
      0.31971515
      0.32110617
      0.32283065
      0.32490235
      0.32721818
      0.32955359
      0.33162010
      0.33318670
      0.33425809
      0.33513722
      0.33619108
      0.33746328
      0.33832282
      0.33803424
      0.33647128
      0.33422858
      0.33267299
      0.33262208
      0.33400907
      0.33632133
      0.33947741
      0.34379251
      0.34882433
      0.35349944
      0.35753932
      0.36167162
      0.36618385
      0.37076290
      0.37554037
      0.38110411
      0.38777246
      0.39498095
      0.40194089
      0.40870696
      0.41621558
      0.42544599
      0.43588375
      0.44535760
      0.45213127
      0.45629785
      0.45951441
      0.46330223
      0.46808720
      0.47377536
      0.48037154
      0.48800540
      0.49653000
      0.50560675
      0.51495543
      0.52445304
      0.53412825
      0.54402201
      0.55409149
      0.56418433
      0.57410246
      0.58368837
      0.59290771
      0.60183392
      0.61056796
      0.61920958
      0.62789578
      0.63680122
      0.64608589
      0.65564169
      0.66458373
      0.67184364
      0.67677095
      0.67957886
      0.68122610
      0.68247815
      0.68367468
      0.68485308
      0.68594783
      0.68675713
      0.68671767
      0.68545602
      0.68316804
      0.68111497
      0.68031554
      0.68084248
      0.68223031
      0.68394312
      0.68557532
      0.68690366
      0.68788242
      0.68858400
      0.68911017
      0.68952079
      0.68981793
      0.69004294
      0.69030031
      0.69071920
      0.69139009
      0.69226105
      0.69311644
      0.69366829
      0.69365516
      0.69297329
      0.69175834
      0.69025525
      0.68862911
      0.68683946
      0.68480194
      0.68263885
      0.68086682
      0.67993616
      0.67953420
      0.67867856
      0.67633399
      0.67220984
      0.66679505
      0.66080969
      0.65485251
      0.64925590
      0.64400421
      0.63866875
      0.63294726
      0.62724720
      0.62229441
      0.61820815
      0.61423890
      0.60935608
      0.60306274
      0.59563603
      0.58786972
      0.58045297
      0.57374111
      0.56778889
      0.56247457
      0.55758846
      0.55292257
      0.54833761
      0.54383188
      0.53953404
      0.53557169
      0.53196089
      0.52862074
      0.52542074
      0.52217133
      0.51860460
      0.51439969
      0.50940899
      0.50389405
      0.49838011
      0.49315766
      0.48794323
      0.48219759
      0.47584456
      0.46945481
      0.46358452
      0.45842839
      0.45380659
      0.44932132
      0.44454240
      0.43924206
      0.43358539
      0.42800800
      0.42286985
      0.41830529
      0.41424781
      0.41050309
      0.40682840
      0.40301830
      0.39898129
      0.39475213
      0.39046884
      0.38633261
      0.38251745
      0.37902905
      0.37571284
      0.37243106
      0.36921399
      0.36624227
      0.36369722
      0.36153304
      0.35936643
      0.35675647
      0.35352030
      0.34979698
      0.34567316
      0.34060944
      0.33389174
      0.32586945
      0.31785674
      0.31092147
      0.30526161
      0.30052870
      0.29632418
      0.29245459
      0.28888819
      0.28556507
      0.28227312
      0.27874465
      0.27488108
      0.27084816
      0.26692270
      0.26327365
      0.25991635
      0.25680451
      0.25391097
      0.25115745
      0.24830009
      0.24500161
      0.24110354
      0.23685255
      0.23268018
      0.22877465
      0.22504478
      0.22135685
      0.21766211
      0.21401234
      0.21051781
      0.20726591
      0.20428419
      0.20153825
      0.19896680
      0.19650415
      0.19409115
      0.19168852
      0.18926995
      0.18684119
      0.18445534
      0.18217336
      0.18000364
      0.17786830
      0.17561088
      0.17318081
      0.17086092
      0.16878650
      0.16657185
      0.16397333
      0.16112836
      0.15828651
      0.15559787
      0.15305996
      0.15055418
      0.14796387
      0.14533235
      0.14281814
      0.14056060
      0.13853952
      0.13658273
      0.13448454
      0.13211372
      0.12945331
      0.12660539
      0.12375996
      0.12111605
      0.11877370
      0.11671430
      0.11484374
      0.11305480
      0.11127907
      0.10949886
      0.10770958
      0.10588467
      0.10400011
      0.10207961
      0.10019475
     0.098403019
     0.096725892
     0.095155877
     0.093654825
     0.092176123
     0.090695323
     0.089225391
     0.087791285
     0.086446798
     0.085223829
     0.084040304
     0.082810314
     0.081516019
     0.080195157
     0.078907831
     0.077706185
     0.076622216
     0.075671351
     0.074845423
     0.074101028
     0.073383398
     0.072667088
     0.071935903
     0.071163286
     0.070314603
     0.069370721
     0.068372708
     0.067384134
     0.066420183
     0.065458869
     0.064490330
     0.063534542
     0.062615509
     0.061736854
     0.060886084
     0.060053871
     0.059239028
     0.058440588
     0.057654328
     0.056876260
     0.056104865
     0.055340357
     0.054583300
     0.053833924
     0.053092071
     0.052357225
     0.051628244
     0.050902503
