       12.755620
       12.719378
       12.683177
       12.647059
       12.611033
       12.575099
       12.539258
       12.503508
       12.467851
       12.432286
       12.396812
       12.361430
       12.326139
       12.290938
       12.255828
       12.220808
       12.185879
       12.151039
       12.116288
       12.081627
       12.047056
       12.012573
       11.978179
       11.943874
       11.909660
       11.875539
       11.841514
       11.807596
       11.773798
       11.740144
       11.706667
       11.673414
       11.640440
       11.607799
       11.575531
       11.543635
       11.512045
       11.480619
       11.449136
       11.417325
       11.384912
       11.351670
       11.317449
       11.282168
       11.245733
       11.207880
       11.167967
       11.124808
       11.076678
       11.021719
       10.958786
       10.888590
       10.814474
       10.741921
       10.676600
       10.622037
       10.578794
       10.545333
       10.519319
       10.498584
       10.481561
       10.467255
       10.455049
       10.444555
       10.435491
       10.427654
       10.420859
       10.414914
       10.409619
       10.404779
       10.400218
       10.395778
       10.391344
       10.386841
       10.382246
       10.377576
       10.372881
       10.368217
       10.363637
       10.359174
       10.354835
       10.350615
       10.346483
       10.342369
       10.338200
       10.333893
       10.329334
       10.324443
       10.319174
       10.313517
       10.307490
       10.301146
       10.294560
       10.287815
       10.280987
       10.274157
       10.267416
       10.260831
       10.254425
       10.248164
       10.241963
       10.235737
       10.229447
       10.223057
       10.216448
       10.209341
       10.201466
       10.192698
       10.183140
       10.172963
       10.162241
       10.151003
       10.139321
       10.127328
       10.115190
       10.103039
       10.090990
       10.079135
       10.067570
       10.056338
       10.045469
       10.034979
       10.024863
       10.015095
       10.005635
       9.9964429
       9.9874696
       9.9786715
       9.9700123
       9.9614711
       9.9530173
       9.9445995
       9.9361207
       9.9274290
       9.9183207
       9.9086073
       9.8981556
       9.8869378
       9.8750110
       9.8624816
       9.8494692
       9.8360731
       9.8223640
       9.8084047
       9.7942732
       9.7800597
       9.7658769
       9.7518322
       9.7380217
       9.7245329
       9.7114352
       9.6987796
       9.6865968
       9.6748984
       9.6636858
       9.6529543
       9.6427082
       9.6329649
       9.6237709
       9.6151691
       9.6071456
       9.5997331
       9.5930040
       9.5869474
       9.5815422
       9.5767472
       9.5724465
       9.5684046
       9.5642722
       9.5596319
       9.5540334
       9.5469463
       9.5376378
       9.5251805
       9.5086861
       9.4878081
       9.4639597
       9.4388739
       9.4130384
       9.3878657
       9.3640979
       9.3419281
       9.3211844
       9.3016892
       9.2833023
       9.2659328
       9.2494818
       9.2338390
       9.2189353
       9.2048312
       9.1917574
       9.1800880
       9.1700445
       9.1613882
       9.1534193
       9.1454486
       9.1368858
       9.1275220
       9.1174238
       9.1063096
       9.0938104
       9.0799554
       9.0651097
       9.0495490
       9.0333336
       9.0164346
       8.9988326
       8.9805236
       8.9615091
       8.9417919
       8.9213866
       8.9003007
       8.8785424
       8.8561269
       8.8330800
       8.8094311
       8.7852112
       8.7604565
       8.7352030
       8.7094859
       8.6833528
       8.6568826
       8.6301746
       8.6033396
       8.5764766
       8.5496737
       8.5229820
       8.4964662
       8.4701728
       8.4441743
       8.4185197
       8.3932661
       8.3684500
       8.3441124
       8.3202796
       8.2969718
       8.2742056
       8.2519896
       8.2303185
       8.2091780
       8.1885525
       8.1684026
       8.1486865
       8.1293572
       8.1103530
       8.0916049
       8.0730343
       8.0545542
       8.0360809
       8.0175401
       7.9988785
       7.9800853
       7.9611831
       7.9422219
       7.9233541
       7.9051936
       7.8895643
       7.8789446
       7.8730886
       7.8670494
       7.8554106
       7.8370957
       7.8135146
       7.7886285
       7.7646411
       7.7415685
       7.7188974
       7.6962714
       7.6735526
       7.6507294
       7.6278866
       7.6052067
       7.5829405
       7.5613830
       7.5408106
       7.5213545
       7.5028119
       7.4846022
       7.4658174
       7.4454394
       7.4229251
       7.3987638
       7.3746500
       7.3531570
       7.3366974
       7.3252153
       7.3174496
       7.3113150
       7.3036122
       7.2921350
       7.2781939
       7.2666484
       7.2585545
       7.2535339
       7.2509106
       7.2500830
       7.2508960
       7.2532099
       7.2568394
       7.2615622
       7.2671488
       7.2733689
       7.2800095
       7.2869002
       7.2938890
       7.3008104
       7.3075378
       7.3138968
       7.3197585
       7.3249746
       7.3293811
       7.3328110
       7.3351585
       7.3363072
       7.3362288
       7.3349019
       7.3323627
       7.3286955
       7.3240010
       7.3184159
       7.3120802
       7.3051189
       7.2976429
       7.2897401
       7.2814682
       7.2728549
       7.2638930
       7.2545255
       7.2446209
       7.2339835
       7.2223183
       7.2092272
       7.1941831
       7.1765912
       7.1558720
       7.1317176
       7.1045935
       7.0763882
       7.0492710
       7.0227340
       6.9917468
       6.9516744
       6.9009927
       6.8411485
       6.7764224
       6.7090165
       6.6389273
       6.5656176
       6.4887007
       6.4081748
       6.3243124
       6.2374242
       6.1478141
       6.0556692
       5.9611548
       5.8643777
       5.7653192
       5.6639216
       5.5601803
       5.4541976
       5.3461835
       5.2364483
       5.1252656
       5.0129511
       4.8997235
       4.7857981
       4.6714075
       4.5567051
       4.4418152
       4.3268721
       4.2119585
       4.0973617
       3.9834114
       3.8704741
       3.7590076
       3.6494591
       3.5421687
       3.4373495
       3.3349336
       3.2345788
       3.1359214
       3.0389179
       2.9440141
       2.8520601
       2.7640651
       2.6811511
       2.6045914
       2.5339189
       2.4672838
       2.4015170
       2.3347659
       2.2686304
       2.2051104
       2.1466630
       2.0940077
       2.0462688
       2.0025383
       1.9620951
       1.9243931
       1.8889455
       1.8554308
       1.8237503
       1.7940763
       1.7667995
       1.7424510
       1.7212601
       1.7034630
       1.6893664
       1.6790130
       1.6738104
       1.6758160
       1.6829511
       1.6853368
       1.6801357
       1.6721854
       1.6639926
       1.6566190
       1.6502266
       1.6443457
       1.6383706
       1.6319350
       1.6248989
       1.6172793
       1.6091474
       1.6006161
       1.5918249
       1.5829820
       1.5743616
       1.5662669
       1.5589228
       1.5524111
       1.5467220
       1.5418964
       1.5381606
       1.5359028
       1.5354598
       1.5374012
       1.5420218
       1.5494781
       1.5598777
       1.5732047
       1.5893816
       1.6083030
       1.6298637
       1.6540654
       1.6809641
       1.7106812
       1.7433084
       1.7788313
       1.8171227
       1.8580277
       1.9013852
       1.9469069
       1.9943109
       2.0431716
       2.0930321
       2.1434176
       2.1940585
       2.2447944
       2.2955288
       2.3456082
       2.3932630
       2.4353901
       2.4718035
       2.5036673
       2.5310197
       2.5540047
       2.5741806
       2.5937819
       2.6137995
       2.6338004
       2.6529483
       2.6705014
       2.6859063
       2.6988135
       2.7090745
       2.7166892
       2.7215977
       2.7237121
       2.7228794
       2.7191767
       2.7128389
       2.7041044
       2.6937685
       2.6834792
       2.6753097
       2.6701218
       2.6654190
       2.6549295
       2.6353655
       2.6104565
       2.5835635
       2.5541971
       2.5220078
       2.4873803
       2.4507360
       2.4124954
       2.3725616
       2.3307563
       2.2872350
       2.2425704
       2.1972930
       2.1512237
       2.1037137
       2.0542759
       2.0028488
       1.9500209
       1.8965593
       1.8423024
       1.7862509
       1.7286654
       1.6714281
       1.6169885
       1.5668845
       1.5209917
       1.4788394
       1.4404785
       1.4060417
       1.3755015
       1.3485359
       1.3246130
       1.3031415
       1.2836284
       1.2657107
       1.2491145
       1.2336560
       1.2192469
       1.2059689
       1.1940551
       1.1838253
       1.1755784
       1.1693774
       1.1651946
       1.1628932
       1.1621644
       1.1626874
       1.1638287
       1.1649095
       1.1657547
       1.1663032
       1.1664408
       1.1657182
       1.1634751
       1.1590069
       1.1523162
       1.1440549
       1.1349213
       1.1253722
       1.1158037
       1.1064984
       1.0976800
       1.0893545
       1.0813972
       1.0737466
       1.0663605
       1.0593637
       1.0531767
       1.0480364
       1.0437575
       1.0397331
       1.0350610
       1.0280704
       1.0180210
       1.0061831
      0.99449980
      0.98447769
      0.97684141
      0.97126879
      0.96700195
      0.96356506
      0.96088200
      0.95929331
      0.95905780
      0.96015540
      0.96248358
      0.96600125
      0.97081476
      0.97713997
      0.98516538
      0.99509670
       1.0071228
       1.0213908
       1.0380020
       1.0570369
       1.0784096
       1.1018536
       1.1274232
       1.1549845
       1.1837331
       1.2126977
       1.2414288
       1.2693639
       1.2960245
       1.3214460
       1.3460969
       1.3687941
       1.3868206
       1.3995869
       1.4103214
       1.4234313
       1.4400320
       1.4586086
       1.4777452
       1.4968944
       1.5162368
       1.5362373
       1.5571837
       1.5788599
       1.6006418
       1.6217714
       1.6413080
       1.6583412
       1.6733713
       1.6876780
       1.7004339
       1.7089207
       1.7122818
       1.7128907
       1.7136135
       1.7163033
       1.7218510
       1.7299828
       1.7387227
       1.7458466
       1.7486581
       1.7464221
       1.7399403
       1.7308556
       1.7208568
       1.7111283
       1.7023658
       1.6938829
       1.6845129
       1.6734116
       1.6605932
       1.6465413
       1.6314764
       1.6154108
       1.5980123
       1.5777078
       1.5520233
       1.5218843
       1.4903985
       1.4602307
       1.4327280
       1.4079836
       1.3855116
       1.3649728
       1.3460956
       1.3275488
       1.3071224
       1.2825909
       1.2535307
       1.2217884
       1.1891661
       1.1555118
       1.1202308
       1.0856875
       1.0552522
       1.0297665
       1.0083226
      0.98956309
      0.97247112
      0.95674767
      0.94277599
      0.93101467
      0.92158866
      0.91272472
      0.90329442
      0.89707479
      0.89546998
      0.89165189
      0.88063274
      0.86558397
      0.85097482
      0.83855463
      0.82857124
      0.82074422
      0.81489585
      0.81071508
      0.80773294
      0.80512775
      0.80226150
      0.79954709
      0.79819826
      0.79870424
      0.79922804
      0.79630296
      0.78805394
      0.77608515
      0.76344275
      0.75255658
      0.74448247
      0.73911385
      0.73588812
      0.73420121
      0.73332867
      0.73231163
      0.73010621
      0.72700678
      0.72383743
      0.72133854
      0.71954377
      0.71789929
      0.71543003
      0.71102110
      0.70519054
      0.69945507
      0.69452578
      0.69021471
      0.68667928
      0.68432918
      0.68258971
      0.68009140
      0.67709048
      0.67551747
      0.67489945
      0.67093995
      0.66013752
      0.64441275
      0.62921548
      0.61838962
      0.61182199
      0.60762114
      0.60392291
      0.59965572
      0.59415869
      0.58750114
      0.58035492
      0.57284406
      0.56483148
      0.55677644
      0.54952060
      0.54348518
      0.53840335
      0.53357044
      0.52831233
      0.52289622
      0.51823429
      0.51534441
      0.51368054
      0.51199800
      0.50977220
      0.50734091
      0.50527959
      0.50401710
      0.50376263
      0.50464517
      0.50682349
      0.51041424
      0.51535165
      0.52101550
      0.52653168
      0.53159736
      0.53660509
      0.54207052
      0.54819457
      0.55497464
      0.56244316
      0.57066167
      0.57950785
      0.58861399
      0.59774238
      0.60711572
      0.61716346
      0.62763848
      0.63732696
      0.64552295
      0.65215201
      0.65799553
      0.66383376
      0.66968129
      0.67597592
      0.68298189
      0.69006469
      0.69616131
      0.70044022
      0.70418975
      0.70880325
      0.71314559
      0.71471397
      0.71304234
      0.70989628
      0.70713740
      0.70503906
      0.70289315
      0.70060477
      0.69878358
      0.69658925
      0.69200238
      0.68567547
      0.68014267
      0.67673434
      0.67524534
      0.67471370
      0.67423742
      0.67332949
      0.67183053
      0.66980113
      0.66741212
      0.66486943
      0.66226982
      0.65963771
      0.65698972
      0.65433482
      0.65168686
      0.64905694
      0.64646405
      0.64394520
      0.64154601
      0.63932845
      0.63733638
      0.63548805
      0.63355094
      0.63135069
      0.62893535
      0.62653868
      0.62444204
      0.62318508
      0.62296677
      0.62168859
      0.61522924
      0.60124306
      0.58317504
      0.56641210
      0.55296512
      0.54229302
      0.53339560
      0.52567818
      0.51880002
      0.51246996
      0.50651404
      0.50096155
      0.49587426
      0.49100118
      0.48557419
      0.47885162
      0.47090626
      0.46269548
      0.45538787
      0.44928551
      0.44385222
      0.43851421
      0.43295972
      0.42718066
      0.42147394
      0.41615760
      0.41115698
      0.40613673
      0.40092524
      0.39578314
      0.39113677
      0.38697317
      0.38277008
      0.37813822
      0.37330337
      0.36880748
      0.36510672
      0.36217638
      0.35921372
      0.35501467
      0.34930444
      0.34319492
      0.33797224
      0.33402024
      0.33100999
      0.32853355
      0.32643001
      0.32452122
      0.32246769
      0.32007141
      0.31741036
      0.31466022
      0.31193669
      0.30929437
      0.30681628
      0.30456851
      0.30242169
      0.30004956
      0.29719909
      0.29394031
      0.29071699
      0.28789941
      0.28536423
      0.28283670
      0.28042553
      0.27857010
      0.27709760
      0.27554772
      0.27424946
      0.27313409
      0.27019183
      0.26420196
      0.25676968
      0.24993239
      0.24450673
      0.24027113
      0.23674924
      0.23367708
      0.23096693
      0.22859721
      0.22650211
      0.22443990
      0.22201184
      0.21900429
      0.21564042
      0.21239909
      0.20959795
      0.20727188
      0.20524854
      0.20331622
      0.20128100
      0.19906213
      0.19676265
      0.19452262
      0.19229017
      0.18973550
      0.18662642
      0.18319712
      0.17999895
      0.17735416
      0.17524499
      0.17352090
      0.17203742
      0.17066055
      0.16927311
      0.16780222
      0.16623405
      0.16460819
      0.16300031
      0.16148610
      0.16011485
      0.15890062
      0.15780481
      0.15675506
      0.15570562
      0.15462744
      0.15346400
      0.15223819
      0.15111856
      0.15006628
      0.14863136
      0.14653754
      0.14411300
      0.14177305
      0.13968997
      0.13783543
      0.13607296
      0.13431450
      0.13254843
      0.13092404
      0.12961899
      0.12867513
      0.12795796
      0.12716471
      0.12596438
      0.12423028
      0.12222217
      0.12022239
      0.11821998
      0.11608108
      0.11391362
      0.11196375
      0.11033197
      0.10893517
      0.10765001
      0.10634179
      0.10491186
      0.10336063
      0.10178175
      0.10026837
     0.098852265
     0.097537300
     0.096339550
     0.095270395
     0.094289938
     0.093300323
     0.092237464
     0.091111170
     0.089956036
     0.088839073
     0.087799132
     0.086782882
     0.085731944
     0.084656516
     0.083604518
     0.082604103
     0.081645510
     0.080702832
     0.079752072
     0.078785068
     0.077815469
     0.076869756
     0.075982375
     0.075188306
     0.074500848
     0.073887508
     0.073290510
     0.072673591
     0.071985022
     0.071144903
     0.070054754
     0.068699944
     0.067235341
     0.065882989
     0.064761069
     0.063841493
     0.063038300
     0.062279864
     0.061527893
     0.060765868
     0.059991560
     0.059210262
     0.058427999
     0.057648261
     0.056872731
     0.056102653
     0.055339097
     0.054582722
     0.053833744
     0.053092060
     0.052357253
     0.051628265
     0.050902512
