       12.755611
       12.719376
       12.683176
       12.647059
       12.611033
       12.575099
       12.539258
       12.503508
       12.467851
       12.432286
       12.396812
       12.361430
       12.326139
       12.290938
       12.255828
       12.220808
       12.185879
       12.151039
       12.116288
       12.081627
       12.047056
       12.012573
       11.978179
       11.943874
       11.909659
       11.875537
       11.841510
       11.807587
       11.773781
       11.740109
       11.706602
       11.673297
       11.640239
       11.607471
       11.575024
       11.542894
       11.511029
       11.479309
       11.447546
       11.415494
       11.382881
       11.349450
       11.315002
       11.279427
       11.242692
       11.204795
       11.165692
       11.125207
       11.082983
       11.038530
       10.991504
       10.942270
       10.892518
       10.845320
       10.804195
       10.771649
       10.748661
       10.734972
       10.729622
       10.731397
       10.739076
       10.751570
       10.767955
       10.787461
       10.809433
       10.833298
       10.858556
       10.884768
       10.911566
       10.938647
       10.965767
       10.992747
       11.019465
       11.045867
       11.071946
       11.097730
       11.123259
       11.148566
       11.173674
       11.198593
       11.223325
       11.247878
       11.272261
       11.296470
       11.320492
       11.344286
       11.367804
       11.390990
       11.413751
       11.435987
       11.457623
       11.478619
       11.498949
       11.518613
       11.537607
       11.555937
       11.573609
       11.590616
       11.606954
       11.622611
       11.637581
       11.651857
       11.665434
       11.678310
       11.690490
       11.701986
       11.712815
       11.722997
       11.732549
       11.741495
       11.749890
       11.757843
       11.765501
       11.773023
       11.780669
       11.788681
       11.797055
       11.805614
       11.814106
       11.822270
       11.829926
       11.836989
       11.843437
       11.849255
       11.854432
       11.858965
       11.862879
       11.866238
       11.869176
       11.871877
       11.874543
       11.877341
       11.880366
       11.883606
       11.886945
       11.890199
       11.893180
       11.895731
       11.897701
       11.898892
       11.899028
       11.897804
       11.894992
       11.890532
       11.884532
       11.877190
       11.868688
       11.859124
       11.848538
       11.836999
       11.824695
       11.811957
       11.799212
       11.786871
       11.775186
       11.764221
       11.754053
       11.744709
       11.736067
       11.727966
       11.720256
       11.712832
       11.705562
       11.698321
       11.690990
       11.683469
       11.675668
       11.667517
       11.658962
       11.649964
       11.640494
       11.630528
       11.620051
       11.609048
       11.597506
       11.585421
       11.572793
       11.559624
       11.545923
       11.531703
       11.516988
       11.501803
       11.486178
       11.470141
       11.453727
       11.436974
       11.419915
       11.402588
       11.385029
       11.367271
       11.349336
       11.331239
       11.312983
       11.294577
       11.276008
       11.257263
       11.238327
       11.219184
       11.199819
       11.180209
       11.160327
       11.140131
       11.119579
       11.098609
       11.077145
       11.055113
       11.032452
       11.009112
       10.985067
       10.960302
       10.934802
       10.908556
       10.881549
       10.853781
       10.825255
       10.795987
       10.765987
       10.735255
       10.703778
       10.671551
       10.638642
       10.605292
       10.571975
       10.539262
       10.507431
       10.476127
       10.444567
       10.411651
       10.375584
       10.334922
       10.290126
       10.243402
       10.196822
       10.151235
       10.106689
       10.063014
       10.020058
       9.9778733
       9.9365080
       9.8957687
       9.8555920
       9.8159360
       9.7766743
       9.7377313
       9.6990121
       9.6603920
       9.6217617
       9.5830035
       9.5439559
       9.5045854
       9.4649314
       9.4249576
       9.3846314
       9.3440150
       9.3032218
       9.2623997
       9.2217319
       9.1814165
       9.1415539
       9.1020647
       9.0626593
       9.0228402
       8.9820817
       8.9401730
       8.8974805
       8.8548345
       8.8130414
       8.7724939
       8.7333028
       8.6954858
       8.6590352
       8.6238794
       8.5899879
       8.5572876
       8.5256386
       8.4949180
       8.4650252
       8.4358663
       8.4073538
       8.3794229
       8.3520698
       8.3253058
       8.2990863
       8.2734243
       8.2482974
       8.2236872
       8.1995321
       8.1757894
       8.1524327
       8.1294376
       8.1067781
       8.0844342
       8.0623743
       8.0406014
       8.0190544
       7.9977238
       7.9765564
       7.9554944
       7.9344695
       7.9134378
       7.8924889
       7.8719988
       7.8526850
       7.8352598
       7.8195000
       7.8038329
       7.7863667
       7.7669518
       7.7454250
       7.7215819
       7.6958076
       7.6686469
       7.6404470
       7.6112561
       7.5809339
       7.5492668
       7.5160265
       7.4809837
       7.4439374
       7.4047483
       7.3633579
       7.3197986
       7.2741789
       7.2266576
       7.1774198
       7.1266405
       7.0744548
       7.0209533
       6.9661863
       6.9101924
       6.8530192
       6.7947400
       6.7354472
       6.6752321
       6.6141715
       6.5523179
       6.4897007
       6.4263320
       6.3621933
       6.2972330
       6.2313541
       6.1644127
       6.0962304
       6.0266049
       5.9553497
       5.8823172
       5.8073961
       5.7305067
       5.6516197
       5.5707321
       5.4878528
       5.4029935
       5.3161395
       5.2272848
       5.1363903
       5.0434101
       4.9483777
       4.8512989
       4.7523393
       4.6517084
       4.5497798
       4.4468311
       4.3431524
       4.2389224
       4.1341938
       4.0290540
       3.9236439
       3.8182161
       3.7126302
       3.6054797
       3.4951398
       3.3813786
       3.2653606
       3.1492221
       3.0350180
       2.9235185
       2.8145719
       2.7081564
       2.6044615
       2.5038274
       2.4066057
       2.3131929
       2.2237955
       2.1385869
       2.0576330
       1.9809031
       1.9083094
       1.8397620
       1.7751226
       1.7142539
       1.6570542
       1.6034516
       1.5534460
       1.5070879
       1.4644502
       1.4257003
       1.3910617
       1.3607907
       1.3354122
       1.3149869
       1.2992082
       1.2864072
       1.2743002
       1.2615836
       1.2483547
       1.2351364
       1.2223301
       1.2111273
       1.2029174
       1.1986386
       1.1971366
       1.1950986
       1.1903488
       1.1834161
       1.1749224
       1.1668533
       1.1598617
       1.1536430
       1.1478357
       1.1421720
       1.1364213
       1.1303750
       1.1239309
       1.1171537
       1.1102693
       1.1036347
       1.0976305
       1.0927049
       1.0893928
       1.0883057
       1.0895354
       1.0919003
       1.0926488
       1.0907485
       1.0876572
       1.0845737
       1.0813359
       1.0779558
       1.0751938
       1.0738519
       1.0741350
       1.0759595
       1.0792933
       1.0840994
       1.0902772
       1.0976884
       1.1064062
       1.1169121
       1.1298176
       1.1456590
       1.1645712
       1.1863865
       1.2108192
       1.2375802
       1.2663790
       1.2967661
       1.3281998
       1.3602580
       1.3925959
       1.4251038
       1.4577586
       1.4905388
       1.5234188
       1.5563020
       1.5889673
       1.6211023
       1.6523527
       1.6823214
       1.7106382
       1.7368648
       1.7605357
       1.7812310
       1.7986490
       1.8126855
       1.8234477
       1.8311856
       1.8361752
       1.8386799
       1.8389639
       1.8372523
       1.8336901
       1.8283233
       1.8211167
       1.8119797
       1.8008757
       1.7878787
       1.7730941
       1.7565479
       1.7380780
       1.7176614
       1.6957588
       1.6729707
       1.6495699
       1.6253321
       1.5996431
       1.5718443
       1.5416245
       1.5092988
       1.4754825
       1.4407277
       1.4053707
       1.3696129
       1.3337325
       1.2981643
       1.2634021
       1.2298652
       1.1977589
       1.1670807
       1.1377305
       1.1094347
       1.0819009
       1.0549010
       1.0283149
       1.0021798
      0.97660452
      0.95151374
      0.92676926
      0.90275537
      0.87997745
      0.85880082
      0.83946288
      0.82200518
      0.80629348
      0.79206700
      0.77905808
      0.76709523
      0.75602512
      0.74544423
      0.73480321
      0.72374047
      0.71225571
      0.70068862
      0.68941330
      0.67859602
      0.66845999
      0.65935328
      0.65156504
      0.64519657
      0.64019204
      0.63646479
      0.63390802
      0.63232566
      0.63157535
      0.63154524
      0.63213747
      0.63332047
      0.63488019
      0.63635855
      0.63722619
      0.63718791
      0.63617682
      0.63419035
      0.63124853
      0.62781219
      0.62420978
      0.62070811
      0.61707905
      0.61212055
      0.60624714
      0.60074622
      0.59633130
      0.59263707
      0.58861308
      0.58377272
      0.57874332
      0.57460763
      0.57225647
      0.57204434
      0.57375723
      0.57690961
      0.58110827
      0.58619816
      0.59212592
      0.59878845
      0.60584894
      0.61322698
      0.62109463
      0.62942657
      0.63803332
      0.64585523
      0.65144703
      0.65467012
      0.65704826
      0.66050051
      0.66655494
      0.67582308
      0.68800622
      0.70262973
      0.71925465
      0.73753985
      0.75722037
      0.77809149
      0.79999411
      0.82285734
      0.84666027
      0.87136125
      0.89670449
      0.92196072
      0.94668283
      0.97046274
      0.99382141
       1.0169586
       1.0398175
       1.0614712
       1.0792993
       1.0908585
       1.0964414
       1.0972353
       1.0977416
       1.1014831
       1.1085656
       1.1167706
       1.1235508
       1.1280751
       1.1307090
       1.1331113
       1.1366142
       1.1408408
       1.1448212
       1.1480257
       1.1503941
       1.1520581
       1.1531153
       1.1533656
       1.1522991
       1.1494777
       1.1449462
       1.1392265
       1.1329505
       1.1266072
       1.1204241
       1.1144877
       1.1089379
       1.1038598
       1.0990417
       1.0938031
       1.0872228
       1.0787959
       1.0683367
       1.0561509
       1.0428419
       1.0287415
       1.0135378
      0.99691010
      0.97894724
      0.95999032
      0.93998461
      0.91939727
      0.89913277
      0.87990727
      0.86196657
      0.84524775
      0.82941430
      0.81398963
      0.79866383
      0.78338538
      0.76841483
      0.75404182
      0.74037403
      0.72748684
      0.71550077
      0.70428297
      0.69350087
      0.68338471
      0.67441657
      0.66557946
      0.65450063
      0.64065826
      0.62645207
      0.61473223
      0.60617101
      0.59988443
      0.59496965
      0.59108445
      0.58826636
      0.58589235
      0.58325546
      0.58144693
      0.58141931
      0.58136831
      0.57893799
      0.57440411
      0.56968146
      0.56547990
      0.56133005
      0.55581242
      0.54908384
      0.54311690
      0.53872679
      0.53559322
      0.53315242
      0.53109070
      0.52934068
      0.52768597
      0.52558416
      0.52189023
      0.51677061
      0.51143510
      0.50704044
      0.50408046
      0.50248097
      0.50174406
      0.50101491
      0.49959376
      0.49704670
      0.49389578
      0.49085217
      0.48829496
      0.48636848
      0.48511972
      0.48405308
      0.48196620
      0.47822643
      0.47331414
      0.46823176
      0.46331366
      0.45870994
      0.45437230
      0.45035890
      0.44714121
      0.44508839
      0.44411478
      0.44373079
      0.44343150
      0.44324104
      0.44365427
      0.44464652
      0.44470255
      0.44200169
      0.43629525
      0.42989388
      0.42483510
      0.42086547
      0.41664057
      0.41213291
      0.40826228
      0.40581006
      0.40478554
      0.40479080
      0.40560418
      0.40712776
      0.40918038
      0.41146744
      0.41436908
      0.41828812
      0.42339380
      0.42963218
      0.43689568
      0.44486839
      0.45324443
      0.46185883
      0.47064495
      0.47958686
      0.48860304
      0.49767614
      0.50693629
      0.51660084
      0.52682270
      0.53765448
      0.54912267
      0.56117644
      0.57339956
      0.58507482
      0.59574726
      0.60559853
      0.61534660
      0.62571080
      0.63681730
      0.64821594
      0.65948100
      0.67081230
      0.68281607
      0.69546232
      0.70728117
      0.71723610
      0.72536556
      0.73162822
      0.73555523
      0.73628062
      0.73440783
      0.73173667
      0.72996822
      0.72894329
      0.72711031
      0.72417842
      0.72181846
      0.72119430
      0.72216572
      0.72395462
      0.72600707
      0.72802451
      0.72982095
      0.73125660
      0.73231605
      0.73319639
      0.73418623
      0.73545497
      0.73690515
      0.73821255
      0.73907938
      0.73948193
      0.73971538
      0.74003672
      0.74032307
      0.74001454
      0.73859990
      0.73614343
      0.73303481
      0.72982633
      0.72695656
      0.72468020
      0.72301642
      0.72148970
      0.71939977
      0.71634826
      0.71204170
      0.70654822
      0.70067408
      0.69492099
      0.68819074
      0.67928864
      0.66896900
      0.65947533
      0.65206585
      0.64665675
      0.64267162
      0.63958062
      0.63678188
      0.63358917
      0.62960930
      0.62491605
      0.61977693
      0.61438041
      0.60882101
      0.60322265
      0.59784758
      0.59270504
      0.58755450
      0.58224837
      0.57695769
      0.57198151
      0.56743360
      0.56319787
      0.55911782
      0.55513042
      0.55127717
      0.54763839
      0.54423591
      0.54103380
      0.53808562
      0.53559089
      0.53351610
      0.53102618
      0.52670618
      0.51952344
      0.50980951
      0.49908183
      0.48938423
      0.48173653
      0.47572653
      0.46996659
      0.46314887
      0.45489337
      0.44599073
      0.43761846
      0.43027465
      0.42385159
      0.41817200
      0.41309113
      0.40832388
      0.40350593
      0.39836902
      0.39274022
      0.38654024
      0.38000956
      0.37364360
      0.36784560
      0.36269737
      0.35808425
      0.35390072
      0.35007642
      0.34656870
      0.34322502
      0.33968545
      0.33550322
      0.33070710
      0.32571519
      0.32096964
      0.31667598
      0.31276365
      0.30904962
      0.30535073
      0.30146887
      0.29722825
      0.29276047
      0.28844893
      0.28459776
      0.28125784
      0.27827014
      0.27544270
      0.27268069
      0.26998644
      0.26738890
      0.26491369
      0.26255993
      0.26030314
      0.25806420
      0.25564804
      0.25293687
      0.25004330
      0.24701435
      0.24372815
      0.24030500
      0.23718106
      0.23412610
      0.23044681
      0.22601589
      0.22126450
      0.21671745
      0.21269859
      0.20924465
      0.20624568
      0.20352952
      0.20093422
      0.19838541
      0.19593032
      0.19361787
      0.19130377
      0.18869278
      0.18566373
      0.18246400
      0.17944795
      0.17678591
      0.17444980
      0.17233024
      0.17034077
      0.16847221
      0.16662769
      0.16448083
      0.16176973
      0.15853286
      0.15511409
      0.15195258
      0.14925844
      0.14700250
      0.14504665
      0.14327456
      0.14162629
      0.14007363
      0.13858614
      0.13712556
      0.13567036
      0.13421337
      0.13273583
      0.13124088
      0.12975345
      0.12826092
      0.12676842
      0.12534365
      0.12397646
      0.12250111
      0.12078981
      0.11891952
      0.11708280
      0.11540276
      0.11385373
      0.11236056
      0.11090714
      0.10953009
      0.10824428
      0.10700920
      0.10575866
      0.10445360
      0.10311206
      0.10178976
      0.10044298
     0.098863828
     0.096855030
     0.094466886
     0.091990034
     0.089732748
     0.087853124
     0.086328864
     0.085052789
     0.083913146
     0.082811796
     0.081688155
     0.080537222
     0.079408933
     0.078367199
     0.077445859
     0.076634878
     0.075881551
     0.075119241
     0.074330225
     0.073527060
     0.072702050
     0.071869767
     0.071051934
     0.070240270
     0.069417017
     0.068575293
     0.067721681
     0.066869160
     0.066030406
     0.065205193
     0.064378610
     0.063539662
     0.062691424
     0.061844890
     0.061006862
     0.060176965
     0.059352740
     0.058533533
     0.057720947
     0.056918136
     0.056128144
     0.055352005
     0.054588618
     0.053836112
     0.053092836
     0.052357415
     0.051628242
     0.050902454
