       12.755615
       12.719377
       12.683177
       12.647059
       12.611033
       12.575099
       12.539258
       12.503508
       12.467851
       12.432286
       12.396812
       12.361430
       12.326139
       12.290938
       12.255828
       12.220808
       12.185879
       12.151039
       12.116288
       12.081628
       12.047056
       12.012573
       11.978179
       11.943875
       11.909661
       11.875540
       11.841516
       11.807598
       11.773798
       11.740136
       11.706638
       11.673336
       11.640266
       11.607449
       11.574885
       11.542523
       11.510247
       11.477863
       11.445115
       11.411710
       11.377372
       11.341891
       11.305152
       11.267139
       11.227888
       11.187417
       11.145634
       11.102257
       11.056799
       11.008716
       10.957812
       10.904915
       10.852430
       10.804102
       10.763662
       10.733210
       10.712931
       10.701788
       10.698322
       10.701192
       10.709316
       10.721811
       10.737954
       10.757111
       10.778687
       10.802155
       10.827058
       10.853023
       10.879732
       10.906909
       10.934325
       10.961789
       10.989154
       11.016316
       11.043234
       11.069910
       11.096356
       11.122598
       11.148660
       11.174567
       11.200334
       11.225955
       11.251389
       11.276560
       11.301358
       11.325647
       11.349262
       11.372050
       11.393895
       11.414706
       11.434411
       11.452994
       11.470560
       11.487326
       11.503579
       11.519617
       11.535619
       11.551547
       11.567194
       11.582351
       11.597094
       11.611667
       11.626082
       11.640116
       11.653664
       11.666711
       11.679180
       11.691084
       11.702396
       11.713156
       11.723380
       11.733075
       11.742253
       11.750938
       11.759142
       11.766869
       11.774124
       11.780911
       11.787241
       11.793126
       11.798571
       11.803590
       11.808189
       11.812373
       11.816152
       11.819533
       11.822519
       11.825103
       11.827266
       11.828966
       11.830142
       11.830716
       11.830603
       11.829720
       11.827996
       11.825376
       11.821830
       11.817354
       11.811972
       11.805731
       11.798699
       11.790955
       11.782595
       11.773719
       11.764433
       11.754839
       11.745032
       11.735100
       11.725116
       11.715141
       11.705213
       11.695357
       11.685584
       11.675889
       11.666252
       11.656639
       11.646998
       11.637273
       11.627397
       11.617308
       11.606934
       11.596205
       11.585041
       11.573359
       11.561088
       11.548164
       11.534542
       11.520197
       11.505125
       11.489337
       11.472863
       11.455740
       11.438038
       11.419853
       11.401300
       11.382516
       11.363601
       11.344566
       11.325277
       11.305491
       11.284960
       11.263536
       11.241232
       11.218216
       11.194712
       11.170946
       11.147068
       11.123169
       11.099264
       11.075303
       11.051215
       11.026925
       11.002358
       10.977468
       10.952224
       10.926611
       10.900613
       10.874212
       10.847387
       10.820109
       10.792346
       10.764074
       10.735286
       10.705983
       10.676159
       10.645825
       10.615020
       10.583779
       10.552150
       10.520180
       10.487913
       10.455384
       10.422603
       10.389568
       10.356245
       10.322555
       10.288331
       10.253320
       10.217358
       10.180362
       10.142310
       10.103138
       10.062860
       10.021577
       9.9794037
       9.9364765
       9.8929777
       9.8491315
       9.8050930
       9.7608932
       9.7165108
       9.6719678
       9.6273548
       9.5827576
       9.5381871
       9.4936519
       9.4491605
       9.4047421
       9.3604330
       9.3162619
       9.2722408
       9.2283559
       9.1845706
       9.1408287
       9.0970604
       9.0531904
       9.0091508
       8.9648930
       8.9203875
       8.8756296
       8.8306450
       8.7854909
       8.7402734
       8.6951872
       8.6504678
       8.6062751
       8.5626493
       8.5195189
       8.4767532
       8.4342554
       8.3919830
       8.3499269
       8.3081285
       8.2666165
       8.2253763
       8.1843831
       8.1436534
       8.1032046
       8.0630508
       8.0232216
       7.9837535
       7.9446960
       7.9061099
       7.8680544
       7.8305775
       7.7937073
       7.7574448
       7.7217645
       7.6866101
       7.6519067
       7.6175749
       7.5835508
       7.5497991
       7.5163080
       7.4830812
       7.4501445
       7.4175424
       7.3853058
       7.3534786
       7.3221063
       7.2912109
       7.2608010
       7.2308541
       7.2012914
       7.1720000
       7.1428373
       7.1136346
       7.0842451
       7.0545607
       7.0245455
       6.9942731
       6.9639573
       6.9338960
       6.9042328
       6.8746647
       6.8444860
       6.8130054
       6.7799533
       6.7455122
       6.7100837
       6.6739279
       6.6369966
       6.5989930
       6.5595081
       6.5182054
       6.4749304
       6.4298466
       6.3833218
       6.3357286
       6.2874030
       6.2387125
       6.1900406
       6.1415804
       6.0928860
       6.0427922
       5.9897900
       5.9331090
       5.8739347
       5.8146602
       5.7565653
       5.6999201
       5.6443673
       5.5892911
       5.5341984
       5.4787658
       5.4227348
       5.3659233
       5.3082036
       5.2494982
       5.1897509
       5.1289228
       5.0669824
       5.0039099
       4.9397165
       4.8744565
       4.8081732
       4.7409104
       4.6727765
       4.6038017
       4.5340435
       4.4635154
       4.3922257
       4.3201597
       4.2472773
       4.1735180
       4.0988091
       4.0231059
       3.9465229
       3.8698638
       3.7953747
       3.7260423
       3.6622170
       3.5983296
       3.5285686
       3.4500782
       3.3657137
       3.2806093
       3.1960918
       3.1111938
       3.0250698
       2.9379482
       2.8507083
       2.7641010
       2.6784351
       2.5937615
       2.5100806
       2.4274325
       2.3458994
       2.2655745
       2.1865496
       2.1089214
       2.0327863
       1.9582334
       1.8853479
       1.8142614
       1.7451376
       1.6781565
       1.6134674
       1.5511921
       1.4914851
       1.4346388
       1.3809189
       1.3306680
       1.2840939
       1.2412850
       1.2022683
       1.1669908
       1.1352969
       1.1069634
       1.0816584
       1.0590102
       1.0385454
       1.0197697
       1.0022177
      0.98566108
      0.97015690
      0.95589824
      0.94300889
      0.93150668
      0.92142370
      0.91286941
      0.90582037
      0.90008741
      0.89520262
      0.89082050
      0.88711009
      0.88445336
      0.88287815
      0.88141262
      0.87885020
      0.87473789
      0.86920218
      0.86267153
      0.85590008
      0.84933002
      0.84301166
      0.83714643
      0.83187350
      0.82729169
      0.82347097
      0.82033278
      0.81778832
      0.81575017
      0.81416792
      0.81310636
      0.81267980
      0.81290861
      0.81375198
      0.81525719
      0.81759721
      0.82096722
      0.82547179
      0.83111826
      0.83789982
      0.84582664
      0.85494951
      0.86532874
      0.87697671
      0.88991685
      0.90409480
      0.91951316
      0.93619981
      0.95411601
      0.97304135
      0.99269087
       1.0126277
       1.0326989
       1.0532799
       1.0747036
       1.0970978
       1.1202997
       1.1440370
       1.1680418
       1.1920845
       1.2159419
       1.2394138
       1.2623334
       1.2845803
       1.3060268
       1.3265858
       1.3460631
       1.3642463
       1.3808117
       1.3954504
       1.4078777
       1.4178460
       1.4252029
       1.4299658
       1.4323005
       1.4323876
       1.4302825
       1.4259756
       1.4195483
       1.4111985
       1.4010526
       1.3890223
       1.3748015
       1.3579393
       1.3384506
       1.3170041
       1.2945563
       1.2719014
       1.2493783
       1.2269188
       1.2044857
       1.1819575
       1.1589234
       1.1349448
       1.1092242
       1.0811351
       1.0507171
       1.0195305
      0.98946361
      0.96077832
      0.93298632
      0.90527236
      0.87731315
      0.84801295
      0.81770646
      0.78802357
      0.76053247
      0.73600642
      0.71444225
      0.69512491
      0.67747864
      0.66116361
      0.64593220
      0.63157759
      0.61797030
      0.60509189
      0.59304954
      0.58191706
      0.57162032
      0.56198680
      0.55283192
      0.54412253
      0.53616972
      0.52934865
      0.52392230
      0.51962301
      0.51550582
      0.51018584
      0.50371288
      0.49697018
      0.49069913
      0.48496703
      0.47972905
      0.47513619
      0.47124464
      0.46798956
      0.46537154
      0.46337422
      0.46188834
      0.46088482
      0.46033681
      0.46014575
      0.46009978
      0.46013854
      0.46060069
      0.46199423
      0.46389445
      0.46500798
      0.46407543
      0.46056892
      0.45558908
      0.45060085
      0.44633697
      0.44276212
      0.43969935
      0.43722092
      0.43546576
      0.43451557
      0.43437210
      0.43504435
      0.43646944
      0.43862882
      0.44134651
      0.44446479
      0.44792287
      0.45097212
      0.45303748
      0.45453747
      0.45639031
      0.45926634
      0.46303333
      0.46702728
      0.47052230
      0.47309228
      0.47577549
      0.48041297
      0.48773186
      0.49713644
      0.50759997
      0.51783761
      0.52687277
      0.53456458
      0.54145469
      0.54863433
      0.55708820
      0.56684230
      0.57711460
      0.58759744
      0.59829690
      0.60981143
      0.62236397
      0.63531104
      0.64742722
      0.65771127
      0.66574521
      0.67240998
      0.67935063
      0.68778247
      0.69785019
      0.70890947
      0.72044613
      0.73210789
      0.74331637
      0.75360951
      0.76309455
      0.77226413
      0.78149041
      0.79079127
      0.79997358
      0.80883238
      0.81730752
      0.82554453
      0.83389510
      0.84250503
      0.85071055
      0.85712726
      0.86131698
      0.86321154
      0.86366479
      0.86401924
      0.86466385
      0.86541740
      0.86588070
      0.86573543
      0.86489183
      0.86343205
      0.86150889
      0.85889011
      0.85471120
      0.84806848
      0.83890791
      0.82821376
      0.81718976
      0.80633378
      0.79534164
      0.78364285
      0.77108176
      0.75799871
      0.74485733
      0.73198543
      0.71946321
      0.70719322
      0.69510480
      0.68327426
      0.67183091
      0.66076009
      0.64963494
      0.63776424
      0.62471823
      0.61076674
      0.59655164
      0.58265468
      0.56943228
      0.55698326
      0.54523233
      0.53409593
      0.52366941
      0.51411857
      0.50546645
      0.49742565
      0.48967249
      0.48230018
      0.47587369
      0.47080745
      0.46587734
      0.45978479
      0.45277467
      0.44582369
      0.43966008
      0.43437360
      0.42968164
      0.42543820
      0.42189731
      0.41929645
      0.41783962
      0.41770560
      0.41852130
      0.41914555
      0.41843002
      0.41570236
      0.41154521
      0.40739218
      0.40418168
      0.40201520
      0.40064011
      0.39985066
      0.39949543
      0.39932801
      0.39890466
      0.39795458
      0.39659854
      0.39512136
      0.39361524
      0.39198942
      0.39045333
      0.38920936
      0.38811685
      0.38670926
      0.38504285
      0.38333102
      0.38184013
      0.38074574
      0.37997866
      0.37924030
      0.37848323
      0.37786413
      0.37720954
      0.37563997
      0.37291915
      0.37005597
      0.36828905
      0.36723998
      0.36517724
      0.36036654
      0.35318941
      0.34547740
      0.33913198
      0.33485703
      0.33230775
      0.33087871
      0.32981736
      0.32866323
      0.32737871
      0.32625549
      0.32578683
      0.32620293
      0.32737869
      0.32913147
      0.33134672
      0.33397326
      0.33703773
      0.34063070
      0.34490827
      0.34999295
      0.35581527
      0.36203997
      0.36819768
      0.37402807
      0.37979958
      0.38614606
      0.39345484
      0.40109456
      0.40775378
      0.41291119
      0.41699575
      0.42154772
      0.42783936
      0.43567500
      0.44432067
      0.45402489
      0.46520380
      0.47647211
      0.48607577
      0.49360532
      0.50051125
      0.50826508
      0.51732091
      0.52736350
      0.53773109
      0.54773385
      0.55679689
      0.56486827
      0.57281650
      0.58189361
      0.59204971
      0.60128899
      0.60732436
      0.60938822
      0.60930038
      0.60976489
      0.61252285
      0.61753861
      0.62381892
      0.63043168
      0.63700425
      0.64361456
      0.65048928
      0.65765221
      0.66470709
      0.67096213
      0.67604924
      0.68021751
      0.68408368
      0.68827078
      0.69299500
      0.69806082
      0.70312372
      0.70798759
      0.71278933
      0.71787299
      0.72328363
      0.72827649
      0.73174948
      0.73266927
      0.73109848
      0.72809727
      0.72495454
      0.72236454
      0.72042199
      0.71925721
      0.71861291
      0.71676414
      0.71209336
      0.70549101
      0.69919253
      0.69448732
      0.69136036
      0.68919249
      0.68743845
      0.68578042
      0.68401251
      0.68203729
      0.67997440
      0.67806514
      0.67648690
      0.67524589
      0.67419411
      0.67310799
      0.67175058
      0.66993229
      0.66755725
      0.66470591
      0.66164498
      0.65870631
      0.65610807
      0.65384424
      0.65170958
      0.64943220
      0.64688837
      0.64419530
      0.64146825
      0.63854016
      0.63501135
      0.63060976
      0.62551016
      0.62004923
      0.61445751
      0.60886035
      0.60321645
      0.59727828
      0.59063616
      0.58327845
      0.57584060
      0.56899722
      0.56279627
      0.55661068
      0.54980209
      0.54230373
      0.53468954
      0.52758757
      0.52119230
      0.51530536
      0.50965328
      0.50410803
      0.49872812
      0.49366966
      0.48907638
      0.48496903
      0.48114952
      0.47722100
      0.47278377
      0.46763837
      0.46183229
      0.45566344
      0.44956480
      0.44389305
      0.43886164
      0.43460022
      0.43101289
      0.42749588
      0.42318012
      0.41786609
      0.41220426
      0.40690344
      0.40217835
      0.39775601
      0.39321337
      0.38824272
      0.38287771
      0.37746270
      0.37237410
      0.36781978
      0.36377410
      0.35999402
      0.35617352
      0.35216355
      0.34805814
      0.34407363
      0.34036415
      0.33692335
      0.33361085
      0.33026720
      0.32684663
      0.32349276
      0.32040244
      0.31767658
      0.31531427
      0.31311979
      0.31073546
      0.30805639
      0.30512860
      0.30124644
      0.29540568
      0.28780987
      0.27984655
      0.27281867
      0.26714044
      0.26255449
      0.25865078
      0.25514230
      0.25191085
      0.24891714
      0.24606257
      0.24312460
      0.23988624
      0.23635206
      0.23276770
      0.22939806
      0.22633903
      0.22353553
      0.22087416
      0.21822696
      0.21543814
      0.21244489
      0.20929610
      0.20596361
      0.20234550
      0.19856609
      0.19483696
      0.19128775
      0.18794852
      0.18482006
      0.18190457
      0.17919872
      0.17669660
      0.17436813
      0.17215773
      0.17002529
      0.16797856
      0.16603465
      0.16416947
      0.16231542
      0.16043187
      0.15855032
      0.15660607
      0.15445063
      0.15223020
      0.15011408
      0.14787451
      0.14530150
      0.14254668
      0.13991078
      0.13757029
      0.13551609
      0.13363851
      0.13182066
      0.12998973
      0.12813311
      0.12627099
      0.12439396
      0.12243173
      0.12032515
      0.11808022
      0.11574011
      0.11332659
      0.11087132
      0.10846520
      0.10621893
      0.10418859
      0.10234105
      0.10060732
     0.098948123
     0.097361033
     0.095837468
     0.094339949
     0.092822553
     0.091275336
     0.089739288
     0.088268280
     0.086897423
     0.085637739
     0.084462625
     0.083307855
     0.082124098
     0.080908954
     0.079717605
     0.078623201
     0.077630195
     0.076679871
     0.075723951
     0.074753364
     0.073791415
     0.072876762
     0.072033561
     0.071246125
     0.070481199
     0.069714211
     0.068928780
     0.068118987
     0.067294861
     0.066464103
     0.065617887
     0.064740888
     0.063825766
     0.062886759
     0.061952872
     0.061044042
     0.060164281
     0.059311054
     0.058482293
     0.057675087
     0.056884875
     0.056107533
     0.055340646
     0.054582947
     0.053833581
     0.053091867
     0.052357124
     0.051628194
     0.050902472
