       12.755628
       12.719380
       12.683177
       12.647059
       12.611033
       12.575099
       12.539258
       12.503508
       12.467851
       12.432286
       12.396812
       12.361430
       12.326139
       12.290938
       12.255828
       12.220808
       12.185879
       12.151039
       12.116288
       12.081628
       12.047056
       12.012573
       11.978180
       11.943877
       11.909666
       11.875551
       11.841541
       11.807649
       11.773901
       11.740333
       11.707001
       11.673975
       11.641337
       11.609161
       11.577489
       11.546285
       11.515409
       11.484589
       11.453437
       11.421492
       11.388297
       11.353471
       11.316756
       11.278028
       11.237261
       11.194459
       11.149590
       11.102545
       11.053141
       11.001202
       10.946724
       10.890166
       10.832765
       10.776527
       10.723660
       10.675662
       10.633181
       10.596138
       10.564009
       10.536168
       10.511995
       10.490908
       10.472348
       10.455791
       10.440776
       10.426910
       10.413881
       10.401467
       10.389517
       10.377952
       10.366742
       10.355887
       10.345419
       10.335395
       10.325873
       10.316906
       10.308501
       10.300621
       10.293199
       10.286142
       10.279352
       10.272723
       10.266146
       10.259514
       10.252726
       10.245692
       10.238338
       10.230603
       10.222446
       10.213842
       10.204777
       10.195247
       10.185251
       10.174788
       10.163862
       10.152490
       10.140706
       10.128564
       10.116135
       10.103503
       10.090763
       10.078020
       10.065375
       10.052930
       10.040799
       10.029100
       10.017939
       10.007366
       9.9973558
       9.9878089
       9.9785693
       9.9694445
       9.9602329
       9.9507540
       9.9408620
       9.9304581
       9.9194715
       9.9078613
       9.8955869
       9.8826167
       9.8689322
       9.8545176
       9.8393612
       9.8234771
       9.8068989
       9.7896781
       9.7718873
       9.7536228
       9.7350179
       9.7162360
       9.6974633
       9.6788748
       9.6606176
       9.6427768
       9.6253833
       9.6083974
       9.5917288
       9.5753249
       9.5591084
       9.5430052
       9.5269186
       9.5107819
       9.4945749
       9.4783065
       9.4619817
       9.4456563
       9.4293942
       9.4132490
       9.3972921
       9.3815828
       9.3661453
       9.3510388
       9.3363066
       9.3219807
       9.3080990
       9.2946798
       9.2817389
       9.2692889
       9.2573416
       9.2459055
       9.2349767
       9.2245489
       9.2146014
       9.2051049
       9.1960243
       9.1873254
       9.1789755
       9.1709342
       9.1631489
       9.1555583
       9.1480851
       9.1406401
       9.1331334
       9.1254680
       9.1175526
       9.1093038
       9.1006540
       9.0915576
       9.0819857
       9.0718998
       9.0612853
       9.0501090
       9.0383535
       9.0259984
       9.0130288
       8.9994344
       8.9852154
       8.9703799
       8.9549535
       8.9389733
       8.9224935
       8.9055931
       8.8883729
       8.8709510
       8.8534494
       8.8359740
       8.8186043
       8.8013968
       8.7844082
       8.7677329
       8.7515890
       8.7363916
       8.7226950
       8.7109826
       8.7013539
       8.6929857
       8.6839682
       8.6723912
       8.6568773
       8.6361366
       8.6101681
       8.5800431
       8.5473111
       8.5134129
       8.4793084
       8.4454901
       8.4121783
       8.3794426
       8.3472381
       8.3154742
       8.2840758
       8.2530165
       8.2223107
       8.1919967
       8.1621196
       8.1327179
       8.1038303
       8.0754928
       8.0477402
       8.0206061
       7.9941257
       7.9683301
       7.9432360
       7.9188359
       7.8951023
       7.8719857
       7.8494356
       7.8274066
       7.8058707
       7.7848186
       7.7642506
       7.7441572
       7.7244988
       7.7051949
       7.6861223
       7.6671311
       7.6481428
       7.6292559
       7.6104085
       7.5915478
       7.5726976
       7.5538609
       7.5350506
       7.5162684
       7.4975236
       7.4788289
       7.4602543
       7.4419444
       7.4241545
       7.4072534
       7.3915847
       7.3772570
       7.3640022
       7.3512492
       7.3387320
       7.3266923
       7.3147287
       7.3026400
       7.2905501
       7.2786272
       7.2670101
       7.2558048
       7.2450527
       7.2347465
       7.2248664
       7.2153922
       7.2063111
       7.1976178
       7.1893176
       7.1814157
       7.1739275
       7.1668591
       7.1602182
       7.1540081
       7.1482141
       7.1427813
       7.1376080
       7.1325720
       7.1275665
       7.1225467
       7.1175429
       7.1126363
       7.1079520
       7.1036504
       7.0999146
       7.0968732
       7.0945648
       7.0929529
       7.0919477
       7.0915158
       7.0917863
       7.0929935
       7.0955485
       7.1001380
       7.1075147
       7.1179060
       7.1304809
       7.1437644
       7.1566908
       7.1690783
       7.1814063
       7.1941159
       7.2071577
       7.2201461
       7.2326610
       7.2443786
       7.2550379
       7.2644279
       7.2723273
       7.2785067
       7.2827821
       7.2850047
       7.2850125
       7.2825980
       7.2775150
       7.2695893
       7.2588533
       7.2456661
       7.2297823
       7.2106515
       7.1861261
       7.1538547
       7.1135659
       7.0690073
       7.0253225
       6.9831018
       6.9410073
       6.8980571
       6.8540596
       6.8088872
       6.7623338
       6.7142428
       6.6644635
       6.6128672
       6.5594000
       6.5040120
       6.4466622
       6.3872802
       6.3258147
       6.2622508
       6.1965203
       6.1284969
       6.0578948
       5.9844559
       5.9076909
       5.8272029
       5.7427139
       5.6542612
       5.5621122
       5.4666020
       5.3679610
       5.2663631
       5.1619346
       5.0547964
       4.9451910
       4.8334564
       4.7200220
       4.6053545
       4.4898890
       4.3743191
       4.2603150
       4.1504383
       4.0462692
       3.9467878
       3.8468565
       3.7414330
       3.6314690
       3.5220099
       3.4155280
       3.3115798
       3.2093863
       3.1088901
       3.0107310
       2.9158077
       2.8246792
       2.7379178
       2.6559963
       2.5792381
       2.5078631
       2.4419317
       2.3811097
       2.3247386
       2.2723797
       2.2239736
       2.1795499
       2.1395067
       2.1044589
       2.0748691
       2.0507411
       2.0303978
       2.0105380
       1.9880193
       1.9618815
       1.9339567
       1.9056724
       1.8782747
       1.8525270
       1.8289339
       1.8077109
       1.7888172
       1.7720084
       1.7569641
       1.7434360
       1.7310584
       1.7194012
       1.7080532
       1.6967350
       1.6854162
       1.6743989
       1.6642908
       1.6558720
       1.6498674
       1.6466207
       1.6454660
       1.6446417
       1.6422883
       1.6378842
       1.6321006
       1.6260062
       1.6203865
       1.6157705
       1.6125477
       1.6109757
       1.6112159
       1.6132922
       1.6171421
       1.6226392
       1.6297242
       1.6384242
       1.6488601
       1.6612853
       1.6760494
       1.6936456
       1.7147872
       1.7403689
       1.7713881
       1.8081576
       1.8494097
       1.8917984
       1.9313222
       1.9683740
       2.0063037
       2.0469032
       2.0903467
       2.1358161
       2.1824765
       2.2296629
       2.2769191
       2.3238400
       2.3701166
       2.4153705
       2.4593583
       2.5019506
       2.5431044
       2.5828137
       2.6209506
       2.6573277
       2.6916953
       2.7239504
       2.7539795
       2.7818901
       2.8079925
       2.8325818
       2.8559617
       2.8781766
       2.8989775
       2.9178943
       2.9343152
       2.9476039
       2.9572112
       2.9627103
       2.9638985
       2.9609355
       2.9540691
       2.9434785
       2.9292224
       2.9114250
       2.8900774
       2.8643614
       2.8334499
       2.7969173
       2.7538305
       2.7028429
       2.6440560
       2.5805092
       2.5161182
       2.4539761
       2.3958803
       2.3421499
       2.2926312
       2.2466728
       2.2026445
       2.1584177
       2.1123847
       2.0633757
       2.0119640
       1.9596613
       1.9083907
       1.8591028
       1.8123625
       1.7683018
       1.7267825
       1.6875970
       1.6506363
       1.6159835
       1.5838276
       1.5544051
       1.5278995
       1.5043308
       1.4836417
       1.4656650
       1.4501531
       1.4368419
       1.4256058
       1.4166720
       1.4105903
       1.4073332
       1.4055471
       1.4028720
       1.3975153
       1.3894471
       1.3797039
       1.3697618
       1.3604498
       1.3510777
       1.3399963
       1.3264851
       1.3108941
       1.2955155
       1.2819991
       1.2710109
       1.2622641
       1.2553515
       1.2499214
       1.2454483
       1.2412220
       1.2364368
       1.2302078
       1.2224218
       1.2133540
       1.2034832
       1.1933010
       1.1831808
       1.1732627
       1.1634319
       1.1534809
       1.1434058
       1.1334440
       1.1239231
       1.1150825
       1.1070625
       1.0999128
       1.0936901
       1.0884058
       1.0840405
       1.0805059
       1.0776260
       1.0751740
       1.0729665
       1.0708892
       1.0690597
       1.0676158
       1.0665292
       1.0655352
       1.0647024
       1.0640671
       1.0641160
       1.0651062
       1.0678482
       1.0707333
       1.0710239
       1.0713284
       1.0751609
       1.0838637
       1.0967791
       1.1129938
       1.1314496
       1.1518536
       1.1742037
       1.1986408
       1.2251031
       1.2526053
       1.2794109
       1.3046999
       1.3286302
       1.3530636
       1.3794303
       1.4074081
       1.4363613
       1.4658130
       1.4955178
       1.5252608
       1.5548504
       1.5841691
       1.6129107
       1.6410147
       1.6687940
       1.6953261
       1.7182228
       1.7357233
       1.7489574
       1.7601078
       1.7705161
       1.7808409
       1.7914208
       1.8017626
       1.8111423
       1.8195212
       1.8272473
       1.8337357
       1.8369552
       1.8346463
       1.8265322
       1.8143243
       1.7999983
       1.7838444
       1.7657848
       1.7482766
       1.7331770
       1.7205353
       1.7089756
       1.6968772
       1.6827180
       1.6658309
       1.6473674
       1.6289982
       1.6115710
       1.5950251
       1.5789610
       1.5630810
       1.5470051
       1.5305258
       1.5136961
       1.4964395
       1.4782741
       1.4584183
       1.4362851
       1.4117785
       1.3847483
       1.3556494
       1.3254856
       1.2953862
       1.2660318
       1.2368533
       1.2061257
       1.1737728
       1.1440410
       1.1209191
       1.0971651
       1.0624327
       1.0222767
      0.98740361
      0.96216070
      0.94517541
      0.93306985
      0.92341585
      0.91487719
      0.90673293
      0.89880654
      0.89150422
      0.88531404
      0.88037950
      0.87694991
      0.87532432
      0.87579725
      0.87794138
      0.87954906
      0.87771212
      0.87088591
      0.86156601
      0.85364889
      0.84936286
      0.84744696
      0.84450828
      0.83836121
      0.82973950
      0.82092950
      0.81334095
      0.80709261
      0.80179093
      0.79724586
      0.79356018
      0.79094798
      0.78954125
      0.78916616
      0.78944110
      0.78978608
      0.78945426
      0.78782493
      0.78514598
      0.78240722
      0.77966875
      0.77562919
      0.77022372
      0.76541365
      0.76070425
      0.75096384
      0.73311804
      0.71293037
      0.69744331
      0.68771212
      0.68109349
      0.67501622
      0.66823230
      0.66178735
      0.65764588
      0.65517352
      0.64971903
      0.63766696
      0.62174104
      0.60794394
      0.59921857
      0.59481627
      0.59275246
      0.59161061
      0.59088247
      0.59035449
      0.58914683
      0.58688962
      0.58275597
      0.57687761
      0.57133566
      0.56734791
      0.56448565
      0.56217969
      0.55988722
      0.55699034
      0.55331001
      0.54933913
      0.54593138
      0.54352032
      0.54206155
      0.54086001
      0.53927669
      0.53733768
      0.53574385
      0.53495144
      0.53482329
      0.53524520
      0.53604521
      0.53708270
      0.53843705
      0.53959449
      0.54047650
      0.54225195
      0.54614819
      0.55240692
      0.56036673
      0.56884876
      0.57681541
      0.58388427
      0.59039120
      0.59699284
      0.60401914
      0.61139779
      0.61889853
      0.62637375
      0.63386722
      0.64141335
      0.64888078
      0.65600872
      0.66264281
      0.66878287
      0.67462306
      0.68044161
      0.68633023
      0.69215563
      0.69772148
      0.70301222
      0.70842396
      0.71475518
      0.72245840
      0.73045959
      0.73648708
      0.73904712
      0.73791015
      0.73542514
      0.73419460
      0.73303608
      0.72930140
      0.72293357
      0.71629602
      0.71048589
      0.70462965
      0.69771812
      0.69022219
      0.68297328
      0.67615910
      0.66945799
      0.66268468
      0.65593403
      0.64944723
      0.64331153
      0.63696100
      0.62968866
      0.62180498
      0.61443685
      0.60837486
      0.60353819
      0.59940442
      0.59558150
      0.59188467
      0.58798126
      0.58314539
      0.57688439
      0.56949529
      0.56200302
      0.55522104
      0.54931531
      0.54401156
      0.53892955
      0.53381148
      0.52864324
      0.52360111
      0.51891040
      0.51462259
      0.51086594
      0.50775759
      0.50491229
      0.50140703
      0.49657030
      0.49045225
      0.48348757
      0.47629164
      0.46952821
      0.46311733
      0.45639491
      0.44926944
      0.44234421
      0.43627451
      0.43126976
      0.42699897
      0.42289774
      0.41856445
      0.41397773
      0.40938557
      0.40510104
      0.40116627
      0.39726121
      0.39299501
      0.38821702
      0.38325975
      0.37871939
      0.37502806
      0.37211336
      0.36966830
      0.36742617
      0.36522881
      0.36304332
      0.36093528
      0.35890172
      0.35680569
      0.35463683
      0.35269702
      0.35110026
      0.34950729
      0.34790580
      0.34683155
      0.34588992
      0.34306534
      0.33705524
      0.32906165
      0.32084841
      0.31357202
      0.30745377
      0.30215700
      0.29719001
      0.29233206
      0.28771154
      0.28332068
      0.27874038
      0.27376239
      0.26882088
      0.26452524
      0.26105502
      0.25824392
      0.25583717
      0.25364699
      0.25151516
      0.24936967
      0.24736235
      0.24561497
      0.24365150
      0.24077868
      0.23689432
      0.23297505
      0.22976194
      0.22727373
      0.22511463
      0.22289816
      0.22049677
      0.21797272
      0.21547197
      0.21314206
      0.21099328
      0.20893037
      0.20689856
      0.20493261
      0.20311165
      0.20147781
      0.19997609
      0.19850532
      0.19700669
      0.19549734
      0.19404025
      0.19266675
      0.19135917
      0.19012035
      0.18890892
      0.18759681
      0.18627104
      0.18511111
      0.18371537
      0.18158801
      0.17886956
      0.17602816
      0.17344465
      0.17122181
      0.16922641
      0.16729828
      0.16538626
      0.16362861
      0.16222165
      0.16115602
      0.16021567
      0.15902529
      0.15712339
      0.15432922
      0.15097947
      0.14767477
      0.14479742
      0.14235321
      0.14025652
      0.13841719
      0.13675503
      0.13524633
      0.13391354
      0.13271931
      0.13137741
      0.12955020
      0.12724035
      0.12493625
      0.12301445
      0.12149251
      0.12023091
      0.11910851
      0.11802821
      0.11692462
      0.11578441
      0.11463387
      0.11349137
      0.11235586
      0.11124487
      0.11018132
      0.10915345
      0.10813724
      0.10715604
      0.10625748
      0.10537220
      0.10432233
      0.10305242
      0.10169856
      0.10036834
     0.099051334
     0.097710291
     0.096371184
     0.095098475
     0.093957633
     0.092958022
     0.091983942
     0.090880257
     0.089543942
     0.088124736
     0.086903479
     0.085943875
     0.084969665
     0.083709714
     0.082103145
     0.080368135
     0.078689630
     0.077145226
     0.075818177
     0.074746742
     0.073881962
     0.073133453
     0.072425901
     0.071713565
     0.070987426
     0.070268474
     0.069573909
     0.068902158
     0.068236802
     0.067557855
     0.066851989
     0.066109773
     0.065320934
     0.064483092
     0.063609671
     0.062720993
     0.061833078
     0.060957228
     0.060100779
     0.059266564
     0.058453418
     0.057657800
     0.056875600
     0.056103551
     0.055339755
     0.054583429
     0.053834373
     0.053092518
     0.052357550
     0.051628453
     0.050902647
