       12.755618
       12.719378
       12.683177
       12.647059
       12.611033
       12.575099
       12.539258
       12.503508
       12.467851
       12.432286
       12.396812
       12.361430
       12.326139
       12.290938
       12.255828
       12.220808
       12.185879
       12.151039
       12.116288
       12.081628
       12.047056
       12.012573
       11.978179
       11.943875
       11.909663
       11.875545
       11.841528
       11.807625
       11.773857
       11.740259
       11.706884
       11.673803
       11.641104
       11.608873
       11.577168
       11.545977
       11.515177
       11.484506
       11.453558
       11.421833
       11.388808
       11.354010
       11.317096
       11.277876
       11.236233
       11.192056
       11.145152
       11.095235
       11.042009
       10.985446
       10.926248
       10.866336
       10.808935
       10.757881
       10.716190
       10.684781
       10.662807
       10.648555
       10.640193
       10.636210
       10.635504
       10.637280
       10.640941
       10.646010
       10.652102
       10.658915
       10.666224
       10.673865
       10.681696
       10.689589
       10.697430
       10.705132
       10.712639
       10.719923
       10.726993
       10.733888
       10.740683
       10.747473
       10.754351
       10.761408
       10.768694
       10.776224
       10.783988
       10.791943
       10.800006
       10.808055
       10.815940
       10.823493
       10.830541
       10.836916
       10.842470
       10.847084
       10.850686
       10.853252
       10.854807
       10.855418
       10.855185
       10.854241
       10.852738
       10.850841
       10.848711
       10.846490
       10.844291
       10.842195
       10.840250
       10.838467
       10.836825
       10.835269
       10.833720
       10.832079
       10.830232
       10.828058
       10.825439
       10.822267
       10.818449
       10.813918
       10.808632
       10.802584
       10.795795
       10.788316
       10.780218
       10.771610
       10.762605
       10.753320
       10.743884
       10.734366
       10.724851
       10.715393
       10.706022
       10.696733
       10.687499
       10.678258
       10.668925
       10.659397
       10.649560
       10.639298
       10.628508
       10.617107
       10.605039
       10.592281
       10.578838
       10.564743
       10.550060
       10.534870
       10.519274
       10.503374
       10.487272
       10.471061
       10.454818
       10.438594
       10.422418
       10.406290
       10.390185
       10.374053
       10.357829
       10.341433
       10.324773
       10.307732
       10.290180
       10.271997
       10.253085
       10.233359
       10.212774
       10.191329
       10.169069
       10.146075
       10.122447
       10.098310
       10.073792
       10.049027
       10.024135
       9.9992288
       9.9744036
       9.9497458
       9.9253015
       9.9011136
       9.8771864
       9.8535149
       9.8300556
       9.8067652
       9.7835622
       9.7603817
       9.7371483
       9.7137909
       9.6902591
       9.6665273
       9.6426082
       9.6185589
       9.5944800
       9.5704929
       9.5466927
       9.5230893
       9.4995623
       9.4758772
       9.4517799
       9.4270688
       9.4016660
       9.3755718
       9.3487492
       9.3211091
       9.2925650
       9.2630999
       9.2327595
       9.2016026
       9.1696878
       9.1370675
       9.1037753
       9.0698336
       9.0352695
       9.0000953
       8.9643348
       8.9280086
       8.8911667
       8.8538477
       8.8161089
       8.7780140
       8.7396214
       8.7009818
       8.6621395
       8.6231320
       8.5839791
       8.5446864
       8.5052529
       8.4656833
       8.4259690
       8.3861004
       8.3460841
       8.3059087
       8.2655900
       8.2251316
       8.1845595
       8.1438977
       8.1031839
       8.0624531
       8.0217474
       7.9811010
       7.9405443
       7.9001010
       7.8597897
       7.8196359
       7.7796758
       7.7399477
       7.7004649
       7.6611690
       7.6218917
       7.5823766
       7.5423735
       7.5017580
       7.4605644
       7.4189201
       7.3769553
       7.3347574
       7.2923703
       7.2498101
       7.2070886
       7.1642286
       7.1212673
       7.0782618
       7.0352823
       6.9924081
       6.9497296
       6.9073425
       6.8653416
       6.8238185
       6.7828447
       6.7424813
       6.7027681
       6.6637196
       6.6253372
       6.5875892
       6.5504245
       6.5137806
       6.4775851
       6.4417670
       6.4062612
       6.3710340
       6.3360804
       6.3014340
       6.2671461
       6.2332684
       6.1998380
       6.1668709
       6.1343544
       6.1022274
       6.0703906
       6.0386833
       6.0069177
       5.9749318
       5.9426304
       5.9100367
       5.8772644
       5.8444810
       5.8118579
       5.7794841
       5.7474307
       5.7157444
       5.6844511
       5.6535714
       5.6231475
       5.5932260
       5.5638835
       5.5352034
       5.5072523
       5.4800760
       5.4536529
       5.4278627
       5.4024879
       5.3772721
       5.3519075
       5.3260997
       5.2996604
       5.2725380
       5.2447614
       5.2163936
       5.1874127
       5.1576822
       5.1269508
       5.0949332
       5.0614091
       5.0264680
       4.9904875
       4.9538005
       4.9168359
       4.8798319
       4.8428167
       4.8056745
       4.7682760
       4.7305121
       4.6922971
       4.6535674
       4.6142398
       4.5742455
       4.5334609
       4.4917418
       4.4489338
       4.4048708
       4.3593972
       4.3124132
       4.2638778
       4.2138319
       4.1623371
       4.1095248
       4.0555630
       4.0006089
       3.9448442
       3.8884340
       3.8314201
       3.7735717
       3.7142418
       3.6525737
       3.5882317
       3.5217248
       3.4540556
       3.3862940
       3.3187443
       3.2512095
       3.1834101
       3.1151306
       3.0462544
       2.9767501
       2.9066525
       2.8360193
       2.7649223
       2.6934835
       2.6218440
       2.5501685
       2.4785993
       2.4072957
       2.3364127
       2.2660547
       2.1963182
       2.1272618
       2.0588958
       1.9912069
       1.9242312
       1.8580641
       1.7928884
       1.7289375
       1.6664220
       1.6054567
       1.5461709
       1.4885730
       1.4327734
       1.3790903
       1.3277949
       1.2794633
       1.2345569
       1.1930159
       1.1546859
       1.1193227
       1.0861277
       1.0536008
       1.0207759
      0.98803140
      0.95640324
      0.92727426
      0.90110454
      0.87725627
      0.85495615
      0.83385465
      0.81400123
      0.79561635
      0.77893538
      0.76393375
      0.75047608
      0.73838997
      0.72749410
      0.71760080
      0.70851722
      0.70003841
      0.69200111
      0.68425884
      0.67675414
      0.66951966
      0.66265770
      0.65630678
      0.65059371
      0.64559756
      0.64135339
      0.63786987
      0.63512392
      0.63305738
      0.63160860
      0.63076772
      0.63054339
      0.63074506
      0.63063222
      0.62937543
      0.62713636
      0.62429180
      0.62163833
      0.61958264
      0.61806857
      0.61696269
      0.61620011
      0.61588962
      0.61611901
      0.61686065
      0.61808796
      0.61971543
      0.62172527
      0.62411411
      0.62699421
      0.63057410
      0.63512666
      0.64093618
      0.64813935
      0.65673868
      0.66662666
      0.67767837
      0.68983173
      0.70304936
      0.71729588
      0.73246163
      0.74844938
      0.76512266
      0.78234468
      0.79988496
      0.81747654
      0.83485616
      0.85187672
      0.86853271
      0.88488239
      0.90094870
      0.91675832
      0.93234471
      0.94762962
      0.96241247
      0.97640585
      0.98931587
       1.0009093
       1.0110743
       1.0197778
       1.0270582
       1.0330783
       1.0379882
       1.0417548
       1.0443150
       1.0454689
       1.0455872
       1.0451247
       1.0442610
       1.0428661
       1.0406366
       1.0372964
       1.0326307
       1.0265207
       1.0190672
       1.0103762
      0.99990867
      0.98681421
      0.97070100
      0.95188992
      0.93120179
      0.90946935
      0.88726009
      0.86496358
      0.84294733
      0.82151995
      0.80082002
      0.78081919
      0.76141653
      0.74249233
      0.72397185
      0.70586175
      0.68828727
      0.67132211
      0.65481916
      0.63842494
      0.62152620
      0.60361686
      0.58447915
      0.56438689
      0.54402549
      0.52419437
      0.50552388
      0.48830017
      0.47258697
      0.45829729
      0.44522354
      0.43314602
      0.42197279
      0.41176007
      0.40259978
      0.39451631
      0.38743762
      0.38117056
      0.37546207
      0.37021043
      0.36553997
      0.36158745
      0.35822961
      0.35529873
      0.35273281
      0.35049670
      0.34859718
      0.34701483
      0.34575792
      0.34487419
      0.34437924
      0.34421607
      0.34423978
      0.34425617
      0.34406597
      0.34372877
      0.34345164
      0.34328620
      0.34302184
      0.34246660
      0.34167740
      0.34079258
      0.33997676
      0.33929734
      0.33874123
      0.33815488
      0.33746239
      0.33672654
      0.33606021
      0.33545380
      0.33480755
      0.33413482
      0.33353009
      0.33319657
      0.33331210
      0.33392209
      0.33503443
      0.33638081
      0.33758294
      0.33826322
      0.33828904
      0.33790639
      0.33753038
      0.33743002
      0.33776829
      0.33868926
      0.34027682
      0.34258460
      0.34570378
      0.34956230
      0.35392620
      0.35845772
      0.36282327
      0.36729403
      0.37236810
      0.37825504
      0.38491525
      0.39235939
      0.40052113
      0.40910719
      0.41767730
      0.42592826
      0.43390963
      0.44216482
      0.45131669
      0.46140284
      0.47198331
      0.48257775
      0.49295383
      0.50308423
      0.51292725
      0.52235258
      0.53124241
      0.53958288
      0.54748534
      0.55516174
      0.56280729
      0.57055449
      0.57840885
      0.58631000
      0.59410278
      0.60149881
      0.60835280
      0.61484571
      0.62102582
      0.62661310
      0.63155843
      0.63616883
      0.64027599
      0.64314063
      0.64448663
      0.64487542
      0.64498118
      0.64515207
      0.64552348
      0.64613131
      0.64661485
      0.64631674
      0.64482284
      0.64222755
      0.63880960
      0.63489580
      0.63070979
      0.62625201
      0.62111136
      0.61467030
      0.60640892
      0.59620760
      0.58464268
      0.57275628
      0.56143052
      0.55098403
      0.54138767
      0.53255059
      0.52422400
      0.51603079
      0.50766465
      0.49900792
      0.49013765
      0.48124903
      0.47251758
      0.46404358
      0.45587259
      0.44804483
      0.44053438
      0.43318792
      0.42593969
      0.41896719
      0.41249960
      0.40661833
      0.40119588
      0.39620441
      0.39183469
      0.38823573
      0.38504498
      0.38154216
      0.37757945
      0.37353913
      0.36950015
      0.36537404
      0.36167929
      0.35914701
      0.35691459
      0.35271910
      0.34603036
      0.33826258
      0.33093739
      0.32441869
      0.31880201
      0.31404911
      0.31009864
      0.30688977
      0.30441621
      0.30260883
      0.30126461
      0.30018593
      0.29931405
      0.29867936
      0.29832086
      0.29821193
      0.29827032
      0.29842133
      0.29861964
      0.29884495
      0.29910798
      0.29946316
      0.29998752
      0.30069102
      0.30152951
      0.30251875
      0.30357822
      0.30432634
      0.30415888
      0.30337601
      0.30257690
      0.30160883
      0.29973662
      0.29643145
      0.29227154
      0.28827315
      0.28504330
      0.28264072
      0.28085718
      0.27948955
      0.27844430
      0.27766162
      0.27709986
      0.27660682
      0.27608558
      0.27519692
      0.27401388
      0.27279141
      0.27159478
      0.27040539
      0.26948591
      0.26926647
      0.26997944
      0.27155476
      0.27364079
      0.27581479
      0.27775063
      0.27958821
      0.28193727
      0.28550716
      0.28992500
      0.29338212
      0.29476021
      0.29391051
      0.29270726
      0.29288643
      0.29482545
      0.29809155
      0.30228462
      0.30722771
      0.31284054
      0.31904405
      0.32572798
      0.33280658
      0.34031621
      0.34843172
      0.35742468
      0.36738823
      0.37791690
      0.38830958
      0.39811442
      0.40717294
      0.41548112
      0.42323279
      0.43094478
      0.43901846
      0.44741640
      0.45584529
      0.46396551
      0.47146380
      0.47836309
      0.48498049
      0.49161344
      0.49838186
      0.50518255
      0.51178010
      0.51798300
      0.52385933
      0.52971071
      0.53581996
      0.54219758
      0.54858655
      0.55465804
      0.56024148
      0.56537783
      0.57026195
      0.57509518
      0.57998793
      0.58495681
      0.59001289
      0.59511937
      0.60010875
      0.60480888
      0.60905653
      0.61268297
      0.61567389
      0.61820825
      0.62058528
      0.62312984
      0.62597721
      0.62904707
      0.63218675
      0.63529027
      0.63835274
      0.64147115
      0.64483512
      0.64856033
      0.65243635
      0.65591062
      0.65801847
      0.65840293
      0.65788742
      0.65748899
      0.65647572
      0.65313166
      0.64752669
      0.64159119
      0.63698063
      0.63408217
      0.63240108
      0.63131523
      0.63046714
      0.62973452
      0.62908314
      0.62845700
      0.62774280
      0.62682779
      0.62564191
      0.62420032
      0.62259430
      0.62094261
      0.61929620
      0.61759283
      0.61571460
      0.61358020
      0.61121181
      0.60871965
      0.60626649
      0.60407135
      0.60235307
      0.60120111
      0.60052309
      0.60016235
      0.59992833
      0.59941808
      0.59800583
      0.59525986
      0.59141440
      0.58730282
      0.58363112
      0.58016108
      0.57564996
      0.56890411
      0.55992576
      0.54990768
      0.54028324
      0.53190234
      0.52504064
      0.51956359
      0.51511275
      0.51132173
      0.50793634
      0.50476818
      0.50163519
      0.49836796
      0.49487816
      0.49117748
      0.48729542
      0.48324566
      0.47906796
      0.47481767
      0.47049135
      0.46606264
      0.46162054
      0.45737307
      0.45342470
      0.44970257
      0.44586844
      0.44157453
      0.43679027
      0.43175608
      0.42683147
      0.42231457
      0.41824760
      0.41438155
      0.41039621
      0.40613121
      0.40156573
      0.39668820
      0.39149731
      0.38618981
      0.38115249
      0.37658314
      0.37236133
      0.36828017
      0.36427616
      0.36041627
      0.35678469
      0.35339756
      0.35017755
      0.34699536
      0.34375396
      0.34047188
      0.33726963
      0.33422783
      0.33134633
      0.32863064
      0.32615048
      0.32394022
      0.32185092
      0.31966578
      0.31729850
      0.31447653
      0.31041528
      0.30471795
      0.29817077
      0.29197780
      0.28681077
      0.28267875
      0.27924067
      0.27611217
      0.27297209
      0.26956874
      0.26572379
      0.26140225
      0.25674975
      0.25205315
      0.24759877
      0.24356651
      0.24001218
      0.23687275
      0.23393149
      0.23088473
      0.22762687
      0.22423588
      0.22083421
      0.21748331
      0.21416432
      0.21085430
      0.20755551
      0.20429406
      0.20109777
      0.19799235
      0.19500112
      0.19211608
      0.18929825
      0.18652712
      0.18382366
      0.18121600
      0.17871014
      0.17630006
      0.17398656
      0.17177408
      0.16966587
      0.16765460
      0.16568239
      0.16360812
      0.16134304
      0.15899150
      0.15659747
      0.15403404
      0.15125417
      0.14839767
      0.14566053
      0.14315609
      0.14083771
      0.13853807
      0.13611829
      0.13356235
      0.13098551
      0.12852021
      0.12619916
      0.12397106
      0.12175533
      0.11947364
      0.11707319
      0.11457497
      0.11207657
      0.10968055
      0.10743730
      0.10536363
      0.10346213
      0.10169747
      0.10000348
     0.098329893
     0.096646364
     0.094911344
     0.093100808
     0.091250898
     0.089458926
     0.087800838
     0.086303914
     0.084963420
     0.083738672
     0.082578108
     0.081444840
     0.080313736
     0.079179234
     0.078069478
     0.077017604
     0.076013544
     0.075017142
     0.074008853
     0.073004755
     0.072036940
     0.071126248
     0.070280040
     0.069500322
     0.068780610
     0.068086467
     0.067369434
     0.066596590
     0.065761612
     0.064875782
     0.063952535
     0.063002470
     0.062041127
     0.061091337
     0.060175428
     0.059303417
     0.058470750
     0.057666132
     0.056879548
     0.056105040
     0.055339853
     0.054582898
     0.053833717
     0.053091982
     0.052357189
     0.051628230
     0.050902498
