       12.755653
       12.719384
       12.683178
       12.647059
       12.611033
       12.575099
       12.539258
       12.503508
       12.467851
       12.432286
       12.396812
       12.361430
       12.326139
       12.290938
       12.255828
       12.220808
       12.185879
       12.151039
       12.116288
       12.081627
       12.047056
       12.012573
       11.978178
       11.943873
       11.909658
       11.875534
       11.841504
       11.807574
       11.773754
       11.740058
       11.706509
       11.673135
       11.639970
       11.607044
       11.574374
       11.541948
       11.509703
       11.477518
       11.445217
       11.412581
       11.379393
       11.345470
       11.310700
       11.275044
       11.238516
       11.201122
       11.162773
       11.123190
       11.081843
       11.037985
       10.990970
       10.940916
       10.889515
       10.840263
       10.797416
       10.764096
       10.741325
       10.728474
       10.724201
       10.727088
       10.735884
       10.749555
       10.767243
       10.788232
       10.811904
       10.837739
       10.865282
       10.894128
       10.923908
       10.954284
       10.984949
       11.015642
       11.046145
       11.076295
       11.105997
       11.135241
       11.164135
       11.192851
       11.221510
       11.250141
       11.278701
       11.307069
       11.335064
       11.362496
       11.389194
       11.415018
       11.439883
       11.463749
       11.486613
       11.508504
       11.529467
       11.549574
       11.568937
       11.587648
       11.605708
       11.623184
       11.640159
       11.656618
       11.672489
       11.687700
       11.702194
       11.715925
       11.728869
       11.741029
       11.752436
       11.763156
       11.773277
       11.782901
       11.792139
       11.801114
       11.809964
       11.818843
       11.827907
       11.837299
       11.847129
       11.857457
       11.868291
       11.879583
       11.891233
       11.903093
       11.914978
       11.926680
       11.937975
       11.948661
       11.958556
       11.967512
       11.975430
       11.982257
       11.987979
       11.992608
       11.996195
       11.998809
       12.000531
       12.001464
       12.001727
       12.001442
       12.000739
       11.999733
       11.998528
       11.997206
       11.995835
       11.994453
       11.993098
       11.991794
       11.990534
       11.989309
       11.988085
       11.986821
       11.985434
       11.983854
       11.982023
       11.979884
       11.977387
       11.974481
       11.971131
       11.967311
       11.962995
       11.958170
       11.952832
       11.946987
       11.940646
       11.933809
       11.926482
       11.918645
       11.910283
       11.901360
       11.891851
       11.881730
       11.870979
       11.859593
       11.847570
       11.834904
       11.821574
       11.807528
       11.792680
       11.776938
       11.760215
       11.742462
       11.723689
       11.703955
       11.683356
       11.662007
       11.640035
       11.617564
       11.594724
       11.571650
       11.548471
       11.525301
       11.502243
       11.479372
       11.456718
       11.434189
       11.411596
       11.388718
       11.365219
       11.340691
       11.314705
       11.286888
       11.257047
       11.225298
       11.192348
       11.158568
       11.124115
       11.089342
       11.054402
       11.019246
       10.983948
       10.948668
       10.913395
       10.878011
       10.842456
       10.806754
       10.770977
       10.735181
       10.699380
       10.663587
       10.627745
       10.591808
       10.555743
       10.519544
       10.483228
       10.446782
       10.410201
       10.373483
       10.336631
       10.299644
       10.262510
       10.225213
       10.187738
       10.150057
       10.112132
       10.073925
       10.035398
       9.9965083
       9.9572172
       9.9174908
       9.8773077
       9.8366616
       9.7955625
       9.7540368
       9.7121128
       9.6698108
       9.6271420
       9.5841050
       9.5407045
       9.4969330
       9.4528063
       9.4083296
       9.3635330
       9.3184468
       9.2731244
       9.2276212
       9.1820071
       9.1363550
       9.0907475
       9.0452918
       9.0001206
       8.9554046
       8.9113348
       8.8680902
       8.8258247
       8.7846524
       8.7446482
       8.7058467
       8.6682321
       8.6317347
       8.5962423
       8.5616113
       8.5276786
       8.4942720
       8.4612202
       8.4283626
       8.3955778
       8.3627854
       8.3299102
       8.2968847
       8.2636436
       8.2301327
       8.1963487
       8.1623465
       8.1282743
       8.0943488
       8.0607306
       8.0273474
       7.9937789
       7.9593521
       7.9237421
       7.8871308
       7.8496168
       7.8114367
       7.7731072
       7.7351000
       7.6977839
       7.6614184
       7.6261127
       7.5918918
       7.5586769
       7.5263088
       7.4946480
       7.4635938
       7.4330676
       7.4029934
       7.3733004
       7.3439192
       7.3147687
       7.2857425
       7.2566798
       7.2273733
       7.1976647
       7.1676448
       7.1378406
       7.1089502
       7.0808963
       7.0522791
       7.0213284
       6.9871500
       6.9497386
       6.9098538
       6.8684652
       6.8262968
       6.7838806
       6.7416926
       6.7002329
       6.6596411
       6.6186591
       6.5730731
       6.5180053
       6.4540688
       6.3854690
       6.3170817
       6.2510964
       6.1870617
       6.1240775
       6.0615361
       5.9990247
       5.9361640
       5.8728129
       5.8088944
       5.7444007
       5.6793748
       5.6138877
       5.5479836
       5.4816210
       5.4147585
       5.3473849
       5.2794794
       5.2109341
       5.1416700
       5.0715899
       5.0006845
       4.9289192
       4.8562061
       4.7824430
       4.7075411
       4.6314219
       4.5540275
       4.4752971
       4.3951449
       4.3135215
       4.2304915
       4.1465655
       4.0637185
       3.9848036
       3.9110174
       3.8387493
       3.7625992
       3.6794885
       3.5904644
       3.4990639
       3.4063828
       3.3118575
       3.2154257
       3.1178957
       3.0201925
       2.9227686
       2.8257921
       2.7294462
       2.6339852
       2.5398363
       2.4474179
       2.3571026
       2.2692065
       2.1839343
       2.1014328
       2.0218562
       1.9453495
       1.8720288
       1.8020016
       1.7353756
       1.6722577
       1.6127282
       1.5568607
       1.5046829
       1.4561731
       1.4112609
       1.3698027
       1.3316989
       1.2967912
       1.2650185
       1.2362350
       1.2103230
       1.1870822
       1.1663223
       1.1478786
       1.1317303
       1.1180385
       1.1069030
       1.0976223
       1.0883791
       1.0775257
       1.0650314
       1.0518538
       1.0391590
       1.0275081
       1.0169017
       1.0072476
      0.99851483
      0.99059521
      0.98327679
      0.97632365
      0.96954667
      0.96278001
      0.95593372
      0.94896148
      0.94188885
      0.93480088
      0.92789121
      0.92148139
      0.91596322
      0.91170430
      0.90892116
      0.90757354
      0.90735942
      0.90785117
      0.90873036
      0.91012939
      0.91238958
      0.91564538
      0.92003609
      0.92574965
      0.93299533
      0.94195707
      0.95279195
      0.96562360
      0.98048055
      0.99705317
       1.0144765
       1.0317580
       1.0490699
       1.0666326
       1.0846518
       1.1031705
       1.1213987
       1.1388599
       1.1563031
       1.1747180
       1.1942921
       1.2149597
       1.2366057
       1.2590808
       1.2821419
       1.3054874
       1.3287722
       1.3517185
       1.3740567
       1.3956497
       1.4164217
       1.4363141
       1.4552100
       1.4729445
       1.4894023
       1.5045641
       1.5183984
       1.5306911
       1.5411857
       1.5497348
       1.5563207
       1.5610258
       1.5639929
       1.5653918
       1.5652527
       1.5635626
       1.5602123
       1.5549331
       1.5474867
       1.5378284
       1.5259853
       1.5122349
       1.4966831
       1.4792740
       1.4598363
       1.4383332
       1.4150945
       1.3907128
       1.3657205
       1.3402514
       1.3142281
       1.2875695
       1.2603679
       1.2331231
       1.2064840
       1.1804486
       1.1540559
       1.1264679
       1.0974661
       1.0678221
       1.0385726
       1.0100115
      0.98195943
      0.95428139
      0.92724775
      0.90131355
      0.87683867
      0.85394677
      0.83255657
      0.81251228
      0.79367493
      0.77605589
      0.75973552
      0.74479669
      0.73120896
      0.71853271
      0.70616139
      0.69394924
      0.68262138
      0.67299415
      0.66520023
      0.65811333
      0.65046399
      0.64205980
      0.63336944
      0.62501731
      0.61720916
      0.61002911
      0.60347825
      0.59762091
      0.59252862
      0.58807865
      0.58393301
      0.57969488
      0.57517315
      0.57029546
      0.56529310
      0.56048891
      0.55599764
      0.55183491
      0.54804206
      0.54466786
      0.54170554
      0.53908686
      0.53666154
      0.53421820
      0.53148203
      0.52834747
      0.52576034
      0.52421207
      0.51902288
      0.50984792
      0.50117286
      0.49536808
      0.49221816
      0.49060627
      0.48973363
      0.48850904
      0.48617055
      0.48274013
      0.47919011
      0.47676463
      0.47611165
      0.47735823
      0.48036453
      0.48482361
      0.49043342
      0.49693313
      0.50402218
      0.51167284
      0.52027363
      0.53015325
      0.54040736
      0.54957078
      0.55670945
      0.56258773
      0.56959656
      0.57902385
      0.58990995
      0.60089291
      0.61130480
      0.62148252
      0.63206678
      0.64356517
      0.65622779
      0.67000238
      0.68471571
      0.70001554
      0.71546636
      0.73073453
      0.74577089
      0.76066200
      0.77557385
      0.79065320
      0.80588845
      0.82105540
      0.83576812
      0.84963282
      0.86242957
      0.87424138
      0.88535922
      0.89605609
      0.90651121
      0.91682186
      0.92696574
      0.93685753
      0.94651407
      0.95622048
      0.96655995
      0.97782958
      0.98872283
      0.99689662
       1.0016609
       1.0037031
       1.0033744
       1.0016120
      0.99903959
      0.99519932
      0.99048903
      0.98612566
      0.98280222
      0.98062745
      0.97933900
      0.97833423
      0.97692290
      0.97469666
      0.97135225
      0.96680018
      0.96095431
      0.95356853
      0.94431538
      0.93311330
      0.92041485
      0.90706141
      0.89412592
      0.88235250
      0.87157322
      0.86073350
      0.84845003
      0.83411484
      0.81855525
      0.80317698
      0.78855752
      0.77417494
      0.75959585
      0.74501021
      0.73092048
      0.71765402
      0.70540503
      0.69423161
      0.68371869
      0.67311784
      0.66208436
      0.65091002
      0.63960513
      0.62785214
      0.61606517
      0.60555998
      0.59666678
      0.58790441
      0.57797392
      0.56711325
      0.55630235
      0.54580618
      0.53579910
      0.52653521
      0.51778259
      0.50818951
      0.49706959
      0.48595221
      0.47665766
      0.47004375
      0.46565336
      0.46258145
      0.46024107
      0.45843116
      0.45714621
      0.45638365
      0.45607242
      0.45619687
      0.45679249
      0.45767736
      0.45843424
      0.45865772
      0.45830421
      0.45763284
      0.45671419
      0.45539265
      0.45351142
      0.45120826
      0.44895288
      0.44706591
      0.44524245
      0.44281189
      0.43947135
      0.43549998
      0.43148585
      0.42785897
      0.42483847
      0.42252092
      0.42057812
      0.41840317
      0.41565550
      0.41258788
      0.40977617
      0.40758960
      0.40613776
      0.40545852
      0.40554357
      0.40609715
      0.40635449
      0.40511953
      0.40095516
      0.39439931
      0.38758726
      0.38220218
      0.37880100
      0.37708798
      0.37656404
      0.37684632
      0.37768531
      0.37889342
      0.38032284
      0.38202435
      0.38445572
      0.38792038
      0.39161573
      0.39417461
      0.39417580
      0.39209859
      0.39010978
      0.39037613
      0.39274773
      0.39534155
      0.39705911
      0.39791010
      0.39915675
      0.40192817
      0.40628031
      0.41179186
      0.41798466
      0.42442684
      0.43089789
      0.43754928
      0.44467175
      0.45210216
      0.45914872
      0.46559827
      0.47205156
      0.47932079
      0.48759080
      0.49653103
      0.50595631
      0.51602354
      0.52688605
      0.53818816
      0.54943277
      0.56062356
      0.57144129
      0.58072526
      0.58769341
      0.59271048
      0.59742033
      0.60351429
      0.61120254
      0.61983737
      0.62887866
      0.63811063
      0.64747928
      0.65686041
      0.66595727
      0.67452777
      0.68251303
      0.69010346
      0.69767921
      0.70562643
      0.71426640
      0.72361096
      0.73324118
      0.74255903
      0.75079780
      0.75688565
      0.76024707
      0.76141542
      0.76180550
      0.76249843
      0.76299423
      0.76202409
      0.75967798
      0.75711521
      0.75499732
      0.75309149
      0.75095050
      0.74842909
      0.74561193
      0.74275662
      0.74007454
      0.73768043
      0.73589759
      0.73493450
      0.73465575
      0.73444879
      0.73340884
      0.73069680
      0.72568567
      0.71871474
      0.71080497
      0.70335913
      0.69731285
      0.69289540
      0.68982720
      0.68761731
      0.68566008
      0.68334355
      0.68023191
      0.67629243
      0.67186587
      0.66744902
      0.66347584
      0.66022667
      0.65779980
      0.65609847
      0.65462424
      0.65245085
      0.64899280
      0.64436467
      0.63898845
      0.63303277
      0.62661497
      0.62011013
      0.61385140
      0.60765770
      0.60095278
      0.59327483
      0.58483067
      0.57638201
      0.56890794
      0.56275893
      0.55765257
      0.55314936
      0.54897618
      0.54500781
      0.54110825
      0.53704177
      0.53256200
      0.52761324
      0.52234835
      0.51712564
      0.51215536
      0.50740488
      0.50283140
      0.49848763
      0.49443748
      0.49065477
      0.48700232
      0.48332200
      0.47958755
      0.47596074
      0.47257238
      0.46920583
      0.46549150
      0.46132576
      0.45675774
      0.45151343
      0.44517126
      0.43786023
      0.43033584
      0.42327787
      0.41693672
      0.41118699
      0.40576586
      0.40041566
      0.39496741
      0.38929955
      0.38323814
      0.37671061
      0.36991194
      0.36330150
      0.35731900
      0.35215201
      0.34773746
      0.34374466
      0.33966128
      0.33508120
      0.32998869
      0.32467425
      0.31948030
      0.31456625
      0.30997145
      0.30574721
      0.30199858
      0.29871360
      0.29561063
      0.29210675
      0.28800886
      0.28367538
      0.27952596
      0.27575874
      0.27228821
      0.26898701
      0.26578409
      0.26260662
      0.25936250
      0.25606141
      0.25284852
      0.24988039
      0.24719753
      0.24469564
      0.24220430
      0.23962112
      0.23697286
      0.23434360
      0.23175728
      0.22923627
      0.22684538
      0.22450024
      0.22212706
      0.21993056
      0.21818524
      0.21647278
      0.21397382
      0.21037661
      0.20584956
      0.20072696
      0.19554128
      0.19081532
      0.18677661
      0.18336103
      0.18042292
      0.17783365
      0.17551078
      0.17339006
      0.17135573
      0.16922430
      0.16684845
      0.16428299
      0.16171509
      0.15929645
      0.15699984
      0.15471689
      0.15240485
      0.15005254
      0.14767909
      0.14533739
      0.14305439
      0.14076410
      0.13835003
      0.13579087
      0.13324546
      0.13091811
      0.12888916
      0.12710761
      0.12547711
      0.12392461
      0.12242334
      0.12099251
      0.11965338
      0.11835140
      0.11702402
      0.11563165
      0.11412547
      0.11254627
      0.11102086
      0.10958827
      0.10813584
      0.10653106
      0.10477107
      0.10296792
      0.10123800
     0.099620356
     0.098110991
     0.096721694
     0.095451239
     0.094233901
     0.092995510
     0.091706815
     0.090336538
     0.088824539
     0.087151616
     0.085407987
     0.083708582
     0.082114726
     0.080655536
     0.079344044
     0.078165049
     0.077078364
     0.076042303
     0.075043121
     0.074092790
     0.073193953
     0.072329929
     0.071491894
     0.070679533
     0.069894583
     0.069137887
     0.068403458
     0.067666332
     0.066897814
     0.066084497
     0.065228894
     0.064344993
     0.063455318
     0.062579969
     0.061726503
     0.060891803
     0.060071030
     0.059261482
     0.058461594
     0.057670062
     0.056886408
     0.056110956
     0.055344053
     0.054585643
     0.053835411
     0.053092961
     0.052357716
     0.051628500
     0.050902651
