       12.755647
       12.719383
       12.683178
       12.647059
       12.611033
       12.575099
       12.539258
       12.503508
       12.467851
       12.432286
       12.396812
       12.361430
       12.326139
       12.290938
       12.255828
       12.220808
       12.185879
       12.151039
       12.116288
       12.081627
       12.047056
       12.012572
       11.978178
       11.943872
       11.909656
       11.875529
       11.841493
       11.807553
       11.773713
       11.739983
       11.706379
       11.672921
       11.639634
       11.606550
       11.573697
       11.541093
       11.508736
       11.476593
       11.444594
       11.412633
       11.380577
       11.348282
       11.315607
       11.282429
       11.248646
       11.214165
       11.178860
       11.142489
       11.104564
       11.064262
       11.020585
       10.973024
       10.922584
       10.872345
       10.826584
       10.788705
       10.760013
       10.740024
       10.727412
       10.720729
       10.718731
       10.720448
       10.725142
       10.732263
       10.741467
       10.752392
       10.764776
       10.778515
       10.793444
       10.809440
       10.826400
       10.844187
       10.862648
       10.881624
       10.900870
       10.920204
       10.939365
       10.958107
       10.976309
       10.993868
       11.010789
       11.027056
       11.042750
       11.057971
       11.072772
       11.087194
       11.101238
       11.114888
       11.128146
       11.141050
       11.153679
       11.166138
       11.178523
       11.190901
       11.203298
       11.215686
       11.228000
       11.240138
       11.251978
       11.263401
       11.274311
       11.284641
       11.294344
       11.303369
       11.311645
       11.319096
       11.325668
       11.331352
       11.336174
       11.340185
       11.343448
       11.346042
       11.348073
       11.349626
       11.350795
       11.351735
       11.352550
       11.353289
       11.353999
       11.354665
       11.355267
       11.355742
       11.355995
       11.355927
       11.355417
       11.354344
       11.352606
       11.350119
       11.346824
       11.342683
       11.337682
       11.331823
       11.325108
       11.317588
       11.309282
       11.300257
       11.290576
       11.280306
       11.269517
       11.258277
       11.246662
       11.234743
       11.222582
       11.210242
       11.197772
       11.185226
       11.172662
       11.160153
       11.147780
       11.135610
       11.123672
       11.111928
       11.100256
       11.088476
       11.076381
       11.063785
       11.050541
       11.036546
       11.021731
       11.006061
       10.989548
       10.972261
       10.954320
       10.935881
       10.917100
       10.898129
       10.879084
       10.860046
       10.841065
       10.822153
       10.803305
       10.784498
       10.765698
       10.746858
       10.727927
       10.708846
       10.689555
       10.669999
       10.650123
       10.629871
       10.609197
       10.588053
       10.566407
       10.544252
       10.521611
       10.498545
       10.475140
       10.451488
       10.427679
       10.403791
       10.379867
       10.355909
       10.331867
       10.307618
       10.282981
       10.257662
       10.231274
       10.203453
       10.173824
       10.142076
       10.108114
       10.072140
       10.034258
       9.9949530
       9.9547402
       9.9140576
       9.8732274
       9.8324933
       9.7920312
       9.7519576
       9.7123274
       9.6731612
       9.6344678
       9.5962186
       9.5583612
       9.5208006
       9.4834088
       9.4460369
       9.4085416
       9.3708225
       9.3328459
       9.2946502
       9.2563191
       9.2179479
       9.1796098
       9.1413609
       9.1031979
       9.0651201
       9.0270867
       8.9890647
       8.9510393
       8.9130070
       8.8749775
       8.8369703
       8.7990092
       8.7611179
       8.7233111
       8.6855954
       8.6479610
       8.6103970
       8.5728727
       8.5353601
       8.4978326
       8.4602645
       8.4226358
       8.3849302
       8.3471279
       8.3092014
       8.2711045
       8.2327763
       8.1941325
       8.1550760
       8.1155048
       8.0753168
       8.0344296
       7.9927683
       7.9502835
       7.9069491
       7.8627535
       7.8176991
       7.7718201
       7.7252100
       7.6780306
       7.6305066
       7.5828853
       7.5353979
       7.4882014
       7.4414068
       7.3951766
       7.3496544
       7.3049734
       7.2613147
       7.2189059
       7.1778591
       7.1380296
       7.0989704
       7.0601208
       7.0210842
       6.9817486
       6.9422904
       6.9030357
       6.8642765
       6.8262970
       6.7894263
       6.7539303
       6.7198139
       6.6864966
       6.6529304
       6.6186240
       6.5837017
       6.5483345
       6.5128104
       6.4775539
       6.4429440
       6.4092100
       6.3764450
       6.3446593
       6.3138177
       6.2838540
       6.2546725
       6.2261519
       6.1981493
       6.1705071
       6.1430542
       6.1156099
       6.0879852
       6.0599938
       6.0314655
       6.0022786
       5.9724037
       5.9418968
       5.9107553
       5.8788363
       5.8456864
       5.8104462
       5.7722346
       5.7308209
       5.6871372
       5.6432206
       5.6002937
       5.5579858
       5.5161760
       5.4747678
       5.4333267
       5.3917702
       5.3499982
       5.3079383
       5.2655875
       5.2229268
       5.1798849
       5.1363152
       5.0920442
       5.0469282
       5.0009173
       4.9540614
       4.9064282
       4.8580504
       4.8089348
       4.7589808
       4.7081084
       4.6561944
       4.6031671
       4.5489679
       4.4935232
       4.4367692
       4.3786581
       4.3191617
       4.2584307
       4.1970339
       4.1364586
       4.0785446
       4.0244364
       3.9721153
       3.9162889
       3.8530802
       3.7833626
       3.7109933
       3.6381453
       3.5654271
       3.4926870
       3.4190511
       3.3429900
       3.2631955
       3.1798788
       3.0943364
       3.0084505
       2.9230662
       2.8376877
       2.7518085
       2.6655462
       2.5793538
       2.4936659
       2.4086871
       2.3245398
       2.2413838
       2.1594256
       2.0788840
       2.0000076
       1.9231296
       1.8487014
       1.7772490
       1.7095089
       1.6459209
       1.5854274
       1.5263243
       1.4673930
       1.4086770
       1.3513266
       1.2968423
       1.2463169
       1.1999690
       1.1575352
       1.1187098
       1.0832240
       1.0508047
       1.0212151
      0.99426546
      0.96976837
      0.94752296
      0.92730718
      0.90896691
      0.89221138
      0.87688940
      0.86282189
      0.84988635
      0.83812077
      0.82763797
      0.81849666
      0.81077845
      0.80438055
      0.79902419
      0.79450023
      0.79077513
      0.78768013
      0.78474921
      0.78152377
      0.77791632
      0.77399301
      0.76974456
      0.76503901
      0.75978575
      0.75408042
      0.74817104
      0.74235747
      0.73688844
      0.73191232
      0.72743257
      0.72337137
      0.71966837
      0.71630734
      0.71324444
      0.71037234
      0.70773594
      0.70551399
      0.70406870
      0.70377546
      0.70428422
      0.70464067
      0.70464804
      0.70498020
      0.70630992
      0.70907150
      0.71352417
      0.71963137
      0.72737594
      0.73677565
      0.74782752
      0.76049500
      0.77474191
      0.79047053
      0.80755493
      0.82584717
      0.84517542
      0.86529168
      0.88583829
      0.90657715
      0.92741224
      0.94844961
      0.96970890
      0.99098393
       1.0118135
       1.0316339
       1.0499802
       1.0666426
       1.0815779
       1.0948793
       1.1068272
       1.1176207
       1.1273468
       1.1360462
       1.1437204
       1.1503817
       1.1561829
       1.1612985
       1.1659906
       1.1705414
       1.1752250
       1.1801589
       1.1849166
       1.1885756
       1.1893731
       1.1853865
       1.1767055
       1.1645366
       1.1505069
       1.1362584
       1.1222482
       1.1082726
       1.0938147
       1.0787005
       1.0628983
       1.0464301
       1.0294152
       1.0121106
      0.99481945
      0.97768471
      0.96034456
      0.94183531
      0.92165034
      0.90016951
      0.87825564
      0.85665401
      0.83555639
      0.81490555
      0.79451702
      0.77430512
      0.75429120
      0.73458779
      0.71534146
      0.69672098
      0.67890721
      0.66204700
      0.64617155
      0.63124496
      0.61721283
      0.60393674
      0.59126113
      0.57916635
      0.56777571
      0.55737173
      0.54801292
      0.53902073
      0.52939617
      0.51847885
      0.50619961
      0.49344134
      0.48144954
      0.47090244
      0.46155724
      0.45272736
      0.44412853
      0.43630046
      0.42952776
      0.42368294
      0.41863008
      0.41427328
      0.41043705
      0.40695588
      0.40373505
      0.40076012
      0.39809708
      0.39582485
      0.39399377
      0.39263499
      0.39175541
      0.39131051
      0.39123027
      0.39140291
      0.39173608
      0.39207102
      0.39227770
      0.39198754
      0.39093043
      0.38925252
      0.38713687
      0.38475165
      0.38229939
      0.38008266
      0.37829858
      0.37696919
      0.37601621
      0.37535933
      0.37495000
      0.37477069
      0.37482538
      0.37518027
      0.37580529
      0.37656832
      0.37726490
      0.37772430
      0.37795889
      0.37814070
      0.37822991
      0.37867355
      0.37945014
      0.37995947
      0.38049587
      0.38237344
      0.38627481
      0.39199807
      0.39898027
      0.40666729
      0.41458375
      0.42244505
      0.43022970
      0.43818407
      0.44665231
      0.45577215
      0.46561605
      0.47632169
      0.48780502
      0.49946193
      0.51032865
      0.51969968
      0.52787502
      0.53611519
      0.54580146
      0.55741905
      0.56986343
      0.58160675
      0.59170297
      0.60030035
      0.60880214
      0.61795490
      0.62749432
      0.63701107
      0.64637603
      0.65567129
      0.66497144
      0.67421819
      0.68325558
      0.69201608
      0.70061820
      0.70907708
      0.71687141
      0.72317870
      0.72778057
      0.73128012
      0.73463958
      0.73869762
      0.74340338
      0.74747875
      0.74978907
      0.74926739
      0.74558168
      0.74010463
      0.73397606
      0.72781290
      0.72131981
      0.71342840
      0.70518997
      0.69824814
      0.69307489
      0.68912544
      0.68554226
      0.68189735
      0.67832289
      0.67497556
      0.67193831
      0.66898022
      0.66523006
      0.65967630
      0.65164058
      0.64165677
      0.63109138
      0.62052431
      0.60888359
      0.59512842
      0.58006344
      0.56526775
      0.55163131
      0.53925986
      0.52792283
      0.51740282
      0.50760068
      0.49844257
      0.48980891
      0.48168518
      0.47421119
      0.46741440
      0.46108759
      0.45509645
      0.44958777
      0.44472470
      0.44021202
      0.43537516
      0.42998503
      0.42469718
      0.41958538
      0.41348964
      0.40604422
      0.39799067
      0.39029933
      0.38357080
      0.37775703
      0.37258714
      0.36777161
      0.36299580
      0.35807491
      0.35335765
      0.34939865
      0.34641600
      0.34424114
      0.34261432
      0.34138117
      0.34042727
      0.33968915
      0.33917204
      0.33897969
      0.33912523
      0.33944322
      0.33954777
      0.33943729
      0.33964793
      0.34034836
      0.34059709
      0.33927681
      0.33637153
      0.33284630
      0.32949929
      0.32632038
      0.32343955
      0.32174936
      0.32146734
      0.32105682
      0.31948704
      0.31732662
      0.31577671
      0.31532790
      0.31568026
      0.31648225
      0.31753432
      0.31867282
      0.31953680
      0.32001245
      0.31977367
      0.31910466
      0.31897060
      0.31961876
      0.32061493
      0.32202105
      0.32374989
      0.32517840
      0.32597564
      0.32601171
      0.32487910
      0.32237218
      0.31888393
      0.31525001
      0.31232309
      0.31082035
      0.31056691
      0.31078130
      0.31138740
      0.31301591
      0.31560347
      0.31762183
      0.31798940
      0.31742607
      0.31766226
      0.31970547
      0.32351973
      0.32874043
      0.33500592
      0.34207619
      0.34965779
      0.35749821
      0.36552758
      0.37371200
      0.38190794
      0.38983838
      0.39727891
      0.40427077
      0.41094930
      0.41759298
      0.42463664
      0.43244616
      0.44105500
      0.45029034
      0.45999250
      0.47014808
      0.48071682
      0.49141347
      0.50188367
      0.51204101
      0.52204696
      0.53206938
      0.54190853
      0.55118373
      0.55960148
      0.56695709
      0.57336524
      0.57927256
      0.58527976
      0.59192203
      0.59925213
      0.60707530
      0.61531878
      0.62404652
      0.63316592
      0.64219304
      0.65058731
      0.65796377
      0.66416984
      0.66936795
      0.67382392
      0.67820220
      0.68313160
      0.68855596
      0.69324558
      0.69523980
      0.69335904
      0.68865976
      0.68326070
      0.67884149
      0.67611345
      0.67488977
      0.67466192
      0.67496444
      0.67553706
      0.67622470
      0.67692614
      0.67762593
      0.67839621
      0.67927652
      0.68013581
      0.68065847
      0.68058866
      0.67999073
      0.67923727
      0.67873449
      0.67861082
      0.67849907
      0.67753835
      0.67509436
      0.67126574
      0.66679927
      0.66282833
      0.65998044
      0.65824063
      0.65741859
      0.65728097
      0.65711623
      0.65583743
      0.65256943
      0.64759809
      0.64220068
      0.63722898
      0.63263155
      0.62824166
      0.62433291
      0.62114781
      0.61785711
      0.61291624
      0.60592883
      0.59833350
      0.59184255
      0.58684104
      0.58281135
      0.57915816
      0.57558502
      0.57199306
      0.56834648
      0.56468466
      0.56110909
      0.55770900
      0.55453217
      0.55156083
      0.54871105
      0.54589089
      0.54308395
      0.54039989
      0.53800221
      0.53597993
      0.53426589
      0.53266504
      0.53102060
      0.52923322
      0.52705576
      0.52403143
      0.51981709
      0.51426867
      0.50733334
      0.49935589
      0.49104836
      0.48306175
      0.47563631
      0.46871340
      0.46224241
      0.45629112
      0.45089632
      0.44593919
      0.44115902
      0.43629767
      0.43127086
      0.42624223
      0.42147134
      0.41700964
      0.41262912
      0.40805100
      0.40312809
      0.39790560
      0.39256925
      0.38736702
      0.38251637
      0.37810205
      0.37405336
      0.37024955
      0.36652322
      0.36269789
      0.35851734
      0.35396948
      0.34927154
      0.34468337
      0.34041324
      0.33649715
      0.33271143
      0.32869505
      0.32432634
      0.31984034
      0.31551812
      0.31139851
      0.30739791
      0.30352146
      0.29981410
      0.29628092
      0.29288723
      0.28958405
      0.28635021
      0.28318682
      0.28011151
      0.27712919
      0.27419401
      0.27118938
      0.26804346
      0.26484756
      0.26171508
      0.25862117
      0.25559929
      0.25280122
      0.25009600
      0.24691824
      0.24294643
      0.23850669
      0.23416887
      0.23024849
      0.22668547
      0.22326826
      0.21986904
      0.21647579
      0.21312902
      0.20986478
      0.20667300
      0.20345029
      0.20006067
      0.19651539
      0.19295681
      0.18951493
      0.18625398
      0.18318810
      0.18031989
      0.17764349
      0.17513755
      0.17275617
      0.17041477
      0.16796394
      0.16523968
      0.16219914
      0.15900135
      0.15588042
      0.15296559
      0.15026648
      0.14774416
      0.14536094
      0.14308566
      0.14089165
      0.13877698
      0.13677131
      0.13489015
      0.13310187
      0.13135710
      0.12960983
      0.12781014
      0.12594651
      0.12407291
      0.12220464
      0.12025133
      0.11812219
      0.11585324
      0.11357846
      0.11143661
      0.10950477
      0.10778635
      0.10624551
      0.10482690
      0.10346160
      0.10208042
      0.10061689
     0.098988822
     0.097135333
     0.095079444
     0.092923953
     0.090779332
     0.088731203
     0.086829687
     0.085099264
     0.083540851
     0.082123418
     0.080796499
     0.079528123
     0.078312489
     0.077150955
     0.076035928
     0.074964357
     0.073950701
     0.073027195
     0.072208972
     0.071471864
     0.070776060
     0.070087927
     0.069376670
     0.068626327
     0.067842703
     0.067032258
     0.066193896
     0.065330671
     0.064456161
     0.063584172
     0.062721793
     0.061867593
     0.061016876
     0.060168716
     0.059327770
     0.058500708
     0.057690746
     0.056896861
     0.056116338
     0.055346841
     0.054586941
     0.053835850
     0.053092987
     0.052357606
     0.051628382
     0.050902552
