       12.755611
       12.719376
       12.683176
       12.647059
       12.611033
       12.575099
       12.539258
       12.503508
       12.467851
       12.432286
       12.396812
       12.361430
       12.326139
       12.290938
       12.255828
       12.220808
       12.185879
       12.151039
       12.116288
       12.081627
       12.047056
       12.012572
       11.978178
       11.943873
       11.909657
       11.875532
       11.841500
       11.807569
       11.773748
       11.740054
       11.706512
       11.673156
       11.640025
       11.607154
       11.574560
       11.542221
       11.510057
       11.477917
       11.445588
       11.412821
       11.379374
       11.345065
       11.309795
       11.273558
       11.236409
       11.198426
       11.159630
       11.119906
       11.078905
       11.035994
       10.990457
       10.942081
       10.892043
       10.843367
       10.800147
       10.765727
       10.741529
       10.727237
       10.721668
       10.723450
       10.731332
       10.744256
       10.761368
       10.781954
       10.805407
       10.831198
       10.858842
       10.887886
       10.917924
       10.948606
       10.979641
       11.010798
       11.041899
       11.072812
       11.103446
       11.133748
       11.163686
       11.193245
       11.222419
       11.251201
       11.279569
       11.307484
       11.334903
       11.361785
       11.388099
       11.413827
       11.438954
       11.463461
       11.487324
       11.510515
       11.533016
       11.554818
       11.575930
       11.596366
       11.616139
       11.635242
       11.653656
       11.671351
       11.688293
       11.704455
       11.719822
       11.734413
       11.748281
       11.761505
       11.774173
       11.786376
       11.798192
       11.809691
       11.820924
       11.831914
       11.842658
       11.853140
       11.863337
       11.873237
       11.882857
       11.892254
       11.901535
       11.910853
       11.920409
       11.930427
       11.941078
       11.952341
       11.963886
       11.975073
       11.985114
       11.993347
       11.999458
       12.003513
       12.005809
       12.006656
       12.006231
       12.004536
       12.001429
       11.996783
       11.990512
       11.982656
       11.973384
       11.962980
       11.951855
       11.940516
       11.929439
       11.918949
       11.909243
       11.900441
       11.892647
       11.885840
       11.879865
       11.874632
       11.870036
       11.865989
       11.862396
       11.859148
       11.856125
       11.853213
       11.850310
       11.847355
       11.844342
       11.841318
       11.838374
       11.835595
       11.832973
       11.830306
       11.827242
       11.823585
       11.819196
       11.813787
       11.807145
       11.799243
       11.790124
       11.779829
       11.768435
       11.756063
       11.742831
       11.728817
       11.714062
       11.698585
       11.682395
       11.665493
       11.647881
       11.629554
       11.610512
       11.590752
       11.570269
       11.549067
       11.527189
       11.504651
       11.481484
       11.457768
       11.433582
       11.409008
       11.384110
       11.358941
       11.333538
       11.307934
       11.282150
       11.256203
       11.230105
       11.203863
       11.177480
       11.150958
       11.124290
       11.097459
       11.070441
       11.043198
       11.015673
       10.987801
       10.959496
       10.930670
       10.901247
       10.871171
       10.840417
       10.808986
       10.776893
       10.744161
       10.710816
       10.676887
       10.642399
       10.607372
       10.571820
       10.535768
       10.499253
       10.462298
       10.424969
       10.387266
       10.349240
       10.310884
       10.272195
       10.233183
       10.193828
       10.154125
       10.114070
       10.073670
       10.032953
       9.9919651
       9.9507894
       9.9095247
       9.8682457
       9.8269775
       9.7857350
       9.7445391
       9.7033098
       9.6618752
       9.6200691
       9.5777941
       9.5350272
       9.4918081
       9.4482570
       9.4045385
       9.3607825
       9.3171028
       9.2735993
       9.2303355
       9.1873476
       9.1446692
       9.1023320
       9.0603485
       9.0187128
       8.9774173
       8.9364687
       8.8959205
       8.8558770
       8.8164866
       8.7779335
       8.7404123
       8.7040380
       8.6687063
       8.6340105
       8.5993420
       8.5641460
       8.5281690
       8.4915025
       8.4544390
       8.4172759
       8.3801947
       8.3432524
       8.3064250
       8.2696608
       8.2329113
       8.1961353
       8.1592641
       8.1221687
       8.0846425
       8.0464169
       8.0072269
       7.9669258
       7.9255163
       7.8832377
       7.8403919
       7.7972223
       7.7540266
       7.7109005
       7.6678800
       7.6249560
       7.5821047
       7.5393145
       7.4966244
       7.4540663
       7.4116303
       7.3692022
       7.3265045
       7.2831364
       7.2387344
       7.1932789
       7.1472978
       7.1016664
       7.0571143
       7.0139217
       6.9721087
       6.9316707
       6.8926288
       6.8549512
       6.8185503
       6.7833125
       6.7491499
       6.7159837
       6.6837088
       6.6521809
       6.6212236
       6.5906095
       6.5600824
       6.5293414
       6.4980679
       6.4659212
       6.4325606
       6.3976705
       6.3609818
       6.3222814
       6.2814472
       6.2384468
       6.1933358
       6.1462242
       6.0973190
       6.0468207
       5.9948977
       5.9417480
       5.8875607
       5.8325672
       5.7770599
       5.7214750
       5.6666276
       5.6141301
       5.5663444
       5.5244426
       5.4853500
       5.4436901
       5.3951782
       5.3370008
       5.2713777
       5.2018820
       5.1307391
       5.0588285
       4.9861053
       4.9119708
       4.8357481
       4.7570841
       4.6758740
       4.5922443
       4.5063199
       4.4182229
       4.3280756
       4.2360136
       4.1422499
       4.0469839
       3.9505371
       3.8532620
       3.7555919
       3.6579646
       3.5607156
       3.4639160
       3.3674017
       3.2710434
       3.1746490
       3.0788554
       2.9838492
       2.8888458
       2.7917415
       2.6907650
       2.5862776
       2.4804296
       2.3761630
       2.2749739
       2.1767206
       2.0812269
       1.9887621
       1.8998403
       1.8151002
       1.7349935
       1.6599126
       1.5900555
       1.5254990
       1.4661756
       1.4119312
       1.3625485
       1.3177679
       1.2772998
       1.2408129
       1.2078727
       1.1780563
       1.1510945
       1.1267679
       1.1050800
       1.0860670
       1.0697530
       1.0560450
       1.0445505
       1.0344340
       1.0253339
       1.0179226
       1.0132543
       1.0114408
       1.0099786
       1.0057233
      0.99855333
      0.99111891
      0.98554705
      0.98149954
      0.97811963
      0.97497346
      0.97201384
      0.96920205
      0.96629316
      0.96300748
      0.95929595
      0.95534143
      0.95143158
      0.94779044
      0.94451951
      0.94163182
      0.93916090
      0.93709916
      0.93534729
      0.93364935
      0.93171970
      0.92944161
      0.92683887
      0.92415212
      0.92170228
      0.91979248
      0.91874994
      0.91891904
      0.92056276
      0.92381241
      0.92870488
      0.93516594
      0.94309736
      0.95241675
      0.96311448
      0.97522359
      0.98882511
       1.0039602
       1.0206643
       1.0389353
       1.0587176
       1.0798962
       1.1022399
       1.1255083
       1.1494235
       1.1737731
       1.1983919
       1.2232217
       1.2482345
       1.2733902
       1.2985906
       1.3236787
       1.3484532
       1.3727063
       1.3963086
       1.4193675
       1.4423275
       1.4654419
       1.4879457
       1.5078993
       1.5239395
       1.5363163
       1.5463063
       1.5548551
       1.5618684
       1.5668486
       1.5696327
       1.5703916
       1.5691331
       1.5658646
       1.5605999
       1.5533823
       1.5443659
       1.5337360
       1.5216991
       1.5084314
       1.4940187
       1.4785440
       1.4619835
       1.4441460
       1.4248512
       1.4041154
       1.3820029
       1.3585530
       1.3338611
       1.3082232
       1.2820791
       1.2557552
       1.2292399
       1.2023204
       1.1748925
       1.1472124
       1.1198409
       1.0932872
       1.0676119
       1.0415003
       1.0125538
      0.97925818
      0.94205662
      0.90356636
      0.86680951
      0.83382199
      0.80531127
      0.78068754
      0.75846250
      0.73726451
      0.71674575
      0.69758742
      0.68055450
      0.66579938
      0.65305750
      0.64200491
      0.63234984
      0.62383750
      0.61631862
      0.60967645
      0.60390416
      0.59923347
      0.59549648
      0.59191842
      0.58727494
      0.58007018
      0.57115069
      0.56222235
      0.55417496
      0.54727129
      0.54140396
      0.53630900
      0.53165404
      0.52716571
      0.52284125
      0.51887038
      0.51546320
      0.51268383
      0.51041302
      0.50850678
      0.50686793
      0.50548715
      0.50426117
      0.50300749
      0.50157933
      0.49984387
      0.49779694
      0.49555156
      0.49325605
      0.49107889
      0.48920704
      0.48777927
      0.48686701
      0.48650829
      0.48673948
      0.48759932
      0.48890056
      0.49003215
      0.49067728
      0.49075388
      0.49066534
      0.49120061
      0.49285226
      0.49561161
      0.49934628
      0.50406431
      0.50978201
      0.51622026
      0.52290147
      0.52949484
      0.53613204
      0.54335569
      0.55163072
      0.56111628
      0.57162660
      0.58285024
      0.59473098
      0.60729698
      0.62061922
      0.63457761
      0.64907756
      0.66440981
      0.68016800
      0.69348861
      0.70136873
      0.70458818
      0.70703068
      0.71333993
      0.72443636
      0.73856136
      0.75396742
      0.76983124
      0.78588349
      0.80201638
      0.81813781
      0.83414705
      0.84999572
      0.86551612
      0.88055933
      0.89492856
      0.90800571
      0.91915740
      0.92863477
      0.93707413
      0.94467001
      0.95161404
      0.95853942
      0.96564408
      0.97222459
      0.97816356
      0.98477841
      0.99238790
      0.99825718
      0.99969681
      0.99675517
      0.99249616
      0.98894002
      0.98623000
      0.98399837
      0.98216218
      0.98073890
      0.97894199
      0.97507775
      0.96853406
      0.95884799
      0.94600075
      0.93204776
      0.91885462
      0.90648878
      0.89423063
      0.88208517
      0.87003325
      0.85601209
      0.83858538
      0.81965396
      0.80159187
      0.78515520
      0.76979783
      0.75478101
      0.74002072
      0.72560400
      0.71166748
      0.69826326
      0.68544005
      0.67326139
      0.66182694
      0.65123457
      0.64155948
      0.63288257
      0.62519980
      0.61828416
      0.61159996
      0.60462663
      0.59731897
      0.58999484
      0.58296067
      0.57626378
      0.56970555
      0.56326192
      0.55745239
      0.55276014
      0.54877638
      0.54435819
      0.53894195
      0.53462643
      0.53415727
      0.53362734
      0.52503679
      0.50778591
      0.48799226
      0.47063092
      0.45795364
      0.44969886
      0.44444082
      0.44085387
      0.43829605
      0.43649729
      0.43521479
      0.43404661
      0.43264943
      0.43095005
      0.42928438
      0.42813943
      0.42769193
      0.42769503
      0.42780083
      0.42787774
      0.42793207
      0.42803379
      0.42832621
      0.42891827
      0.42984393
      0.43117758
      0.43312654
      0.43556633
      0.43828818
      0.44023252
      0.43881312
      0.43321630
      0.42518153
      0.41768334
      0.41242341
      0.40941312
      0.40776734
      0.40652046
      0.40502541
      0.40296041
      0.40037623
      0.39773340
      0.39567327
      0.39451112
      0.39409751
      0.39417261
      0.39465066
      0.39549211
      0.39649087
      0.39753398
      0.39909628
      0.40183707
      0.40480052
      0.40579386
      0.40391378
      0.40116471
      0.39975906
      0.39862198
      0.39562455
      0.39007002
      0.38417259
      0.38058075
      0.37962849
      0.37998736
      0.38086479
      0.38266024
      0.38615690
      0.39095089
      0.39535501
      0.39780055
      0.39869970
      0.40013707
      0.40348295
      0.40872388
      0.41537460
      0.42302892
      0.43133576
      0.43993725
      0.44868327
      0.45771653
      0.46727217
      0.47753912
      0.48856573
      0.50009421
      0.51155137
      0.52229000
      0.53199137
      0.54079552
      0.54914051
      0.55759184
      0.56652197
      0.57594194
      0.58561013
      0.59533359
      0.60509548
      0.61493303
      0.62477888
      0.63457780
      0.64438329
      0.65425823
      0.66410675
      0.67341288
      0.68172766
      0.68919138
      0.69601210
      0.70236079
      0.70754455
      0.71057329
      0.71136625
      0.71081360
      0.71065626
      0.71130014
      0.71154674
      0.71093781
      0.71042769
      0.71096064
      0.71274871
      0.71546503
      0.71876411
      0.72243955
      0.72611976
      0.72916658
      0.73105692
      0.73174196
      0.73168333
      0.73137944
      0.73101288
      0.73048713
      0.72965285
      0.72845388
      0.72703683
      0.72564776
      0.72447360
      0.72358436
      0.72293660
      0.72240187
      0.72182946
      0.72113061
      0.72036482
      0.71973840
      0.71948617
      0.71969608
      0.72023604
      0.72082727
      0.72123545
      0.72120118
      0.71987931
      0.71607333
      0.70911579
      0.69979064
      0.69004948
      0.68171626
      0.67538816
      0.67042488
      0.66535419
      0.65850152
      0.64931648
      0.63910556
      0.62982507
      0.62234283
      0.61630097
      0.61094650
      0.60590512
      0.60124646
      0.59697416
      0.59273704
      0.58800030
      0.58239764
      0.57584279
      0.56848724
      0.56065274
      0.55279666
      0.54540620
      0.53882201
      0.53310435
      0.52808308
      0.52355670
      0.51940787
      0.51567762
      0.51242976
      0.50937551
      0.50572997
      0.50086272
      0.49494362
      0.48864552
      0.48249905
      0.47666384
      0.47110126
      0.46570499
      0.46018618
      0.45414138
      0.44740184
      0.44040943
      0.43394103
      0.42835831
      0.42354479
      0.41923618
      0.41522846
      0.41139255
      0.40761603
      0.40380087
      0.39990614
      0.39597730
      0.39214283
      0.38854381
      0.38522651
      0.38206313
      0.37883890
      0.37545000
      0.37194511
      0.36835623
      0.36450393
      0.36011826
      0.35526238
      0.35045976
      0.34625001
      0.34264211
      0.33879137
      0.33355265
      0.32681632
      0.31969470
      0.31327001
      0.30790142
      0.30331357
      0.29910112
      0.29505277
      0.29112807
      0.28731676
      0.28356640
      0.27975263
      0.27569338
      0.27130905
      0.26679663
      0.26252222
      0.25872108
      0.25541950
      0.25252482
      0.24988807
      0.24729418
      0.24453364
      0.24136816
      0.23760293
      0.23317186
      0.22835667
      0.22367801
      0.21947962
      0.21582408
      0.21261335
      0.20969277
      0.20691597
      0.20417431
      0.20143034
      0.19871746
      0.19610621
      0.19364942
      0.19135412
      0.18919292
      0.18714318
      0.18520626
      0.18336229
      0.18155104
      0.17975447
      0.17800793
      0.17625125
      0.17427363
      0.17213100
      0.17006593
      0.16777886
      0.16498861
      0.16187694
      0.15881343
      0.15605669
      0.15367768
      0.15164237
      0.14990469
      0.14838185
      0.14687011
      0.14502746
      0.14260005
      0.13966920
      0.13661032
      0.13378560
      0.13124405
      0.12884490
      0.12652158
      0.12425930
      0.12208132
      0.12001968
      0.11807775
      0.11623193
      0.11446410
      0.11277719
      0.11116505
      0.10958629
      0.10797550
      0.10625191
      0.10437200
      0.10240440
      0.10051227
     0.098820539
     0.097335252
     0.095972824
     0.094645740
     0.093305085
     0.091964693
     0.090674075
     0.089442977
     0.088314844
     0.087281875
     0.086204298
     0.085004471
     0.083699857
     0.082355218
     0.081046078
     0.079823234
     0.078692878
     0.077637406
     0.076665315
     0.075811214
     0.075083006
     0.074429975
     0.073768788
     0.073038461
     0.072203649
     0.071261032
     0.070255555
     0.069237081
     0.068230857
     0.067245433
     0.066282373
     0.065332005
     0.064386235
     0.063445907
     0.062527878
     0.061651041
     0.060817361
     0.060012982
     0.059222505
     0.058437802
     0.057656608
     0.056879349
     0.056107401
     0.055342150
     0.054584470
     0.053834629
     0.053092453
     0.052357406
     0.051628318
     0.050902532
