       12.755646
       12.719383
       12.683178
       12.647059
       12.611033
       12.575099
       12.539258
       12.503508
       12.467851
       12.432286
       12.396812
       12.361430
       12.326139
       12.290938
       12.255828
       12.220808
       12.185879
       12.151039
       12.116288
       12.081627
       12.047056
       12.012573
       11.978179
       11.943874
       11.909658
       11.875535
       11.841507
       11.807582
       11.773774
       11.740109
       11.706630
       11.673408
       11.640545
       11.608165
       11.576389
       11.545286
       11.514807
       11.484724
       11.454570
       11.423628
       11.391014
       11.355878
       11.317665
       11.276284
       11.232084
       11.185653
       11.137567
       11.088217
       11.037707
       10.985803
       10.932209
       10.877340
       10.823108
       10.773092
       10.731397
       10.700794
       10.681938
       10.673759
       10.674511
       10.682489
       10.696260
       10.714642
       10.736669
       10.761577
       10.788755
       10.817730
       10.848073
       10.879387
       10.911305
       10.943486
       10.975616
       11.007434
       11.038724
       11.069330
       11.099170
       11.128225
       11.156521
       11.184112
       11.211083
       11.237524
       11.263503
       11.289067
       11.314234
       11.338997
       11.363350
       11.387295
       11.410826
       11.433960
       11.456705
       11.479082
       11.501101
       11.522762
       11.544049
       11.564936
       11.585390
       11.605391
       11.624920
       11.643953
       11.662466
       11.680427
       11.697800
       11.714561
       11.730697
       11.746213
       11.761123
       11.775451
       11.789218
       11.802442
       11.815106
       11.827140
       11.838507
       11.849345
       11.859902
       11.870324
       11.880464
       11.890096
       11.899209
       11.907873
       11.916045
       11.923650
       11.930688
       11.937196
       11.943178
       11.948624
       11.953540
       11.957929
       11.961791
       11.965117
       11.967881
       11.970073
       11.971661
       11.972626
       11.972958
       11.972655
       11.971728
       11.970193
       11.968068
       11.965376
       11.962139
       11.958389
       11.954151
       11.949456
       11.944335
       11.938821
       11.932942
       11.926721
       11.920178
       11.913332
       11.906202
       11.898814
       11.891208
       11.883414
       11.875423
       11.867189
       11.858668
       11.849788
       11.840466
       11.830633
       11.820223
       11.809186
       11.797502
       11.785169
       11.772210
       11.758660
       11.744570
       11.729996
       11.714995
       11.699617
       11.683895
       11.667840
       11.651448
       11.634692
       11.617538
       11.599950
       11.581911
       11.563456
       11.544656
       11.525607
       11.506426
       11.487215
       11.468055
       11.448976
       11.429969
       11.410999
       11.392008
       11.372922
       11.353655
       11.334176
       11.314633
       11.295194
       11.275964
       11.257052
       11.238671
       11.221127
       11.204521
       11.188334
       11.171255
       11.151798
       11.129166
       11.103571
       11.076122
       11.047928
       11.019487
       10.990804
       10.961670
       10.931882
       10.901307
       10.869891
       10.837612
       10.804428
       10.770311
       10.735273
       10.699368
       10.662656
       10.625208
       10.587115
       10.548482
       10.509429
       10.470076
       10.430536
       10.390912
       10.351289
       10.311736
       10.272309
       10.233053
       10.194001
       10.155182
       10.116620
       10.078330
       10.040314
       10.002557
       9.9650300
       9.9276849
       9.8904642
       9.8533086
       9.8161535
       9.7789309
       9.7415723
       9.7040043
       9.6661408
       9.6278843
       9.5891361
       9.5498370
       9.5099973
       9.4697127
       9.4290961
       9.3882102
       9.3470658
       9.3056248
       9.2638508
       9.2217925
       9.1794217
       9.1366981
       9.0936654
       9.0505455
       9.0074718
       8.9643577
       8.9210786
       8.8775238
       8.8336733
       8.7895316
       8.7450534
       8.7006177
       8.6568841
       8.6141219
       8.5716341
       8.5281243
       8.4829284
       8.4356773
       8.3863148
       8.3351355
       8.2826292
       8.2294216
       8.1761065
       8.1232425
       8.0713048
       8.0206676
       7.9716292
       7.9243858
       7.8789818
       7.8354428
       7.7937051
       7.7536427
       7.7151414
       7.6780388
       7.6421953
       7.6074941
       7.5738296
       7.5410954
       7.5091834
       7.4780167
       7.4475395
       7.4176400
       7.3882093
       7.3592203
       7.3306737
       7.3025313
       7.2746919
       7.2470385
       7.2194531
       7.1918045
       7.1639351
       7.1356778
       7.1068797
       7.0774217
       7.0472170
       7.0162000
       6.9843439
       6.9516182
       6.9179832
       6.8834185
       6.8479357
       6.8115943
       6.7745782
       6.7374135
       6.7010827
       6.6665424
       6.6336938
       6.6010802
       6.5672159
       6.5316321
       6.4946524
       6.4571039
       6.4197232
       6.3829075
       6.3463627
       6.3086982
       6.2666493
       6.2171607
       6.1613521
       6.1022996
       6.0432857
       5.9854139
       5.9280384
       5.8702612
       5.8114249
       5.7511227
       5.6891872
       5.6256369
       5.5605736
       5.4940617
       5.4261050
       5.3566782
       5.2857412
       5.2133205
       5.1394586
       5.0642570
       4.9878650
       4.9104786
       4.8323337
       4.7536317
       4.6745786
       4.5953260
       4.5159017
       4.4363531
       4.3566166
       4.2766729
       4.1964565
       4.1159365
       4.0350368
       3.9536113
       3.8714247
       3.7881775
       3.7035442
       3.6172997
       3.5293984
       3.4399869
       3.3494267
       3.2581171
       3.1664292
       3.0745898
       2.9829476
       2.8924077
       2.8049872
       2.7228142
       2.6452006
       2.5680915
       2.4866454
       2.3983371
       2.3060998
       2.2138110
       2.1244208
       2.0391485
       1.9576340
       1.8796697
       1.8052953
       1.7345576
       1.6674297
       1.6038924
       1.5439477
       1.4876068
       1.4348931
       1.3857919
       1.3402481
       1.2982166
       1.2596309
       1.2244079
       1.1924187
       1.1634705
       1.1373946
       1.1140206
       1.0931648
       1.0745884
       1.0580429
       1.0433133
       1.0302331
       1.0189351
       1.0101094
       1.0043603
       1.0010835
      0.99776442
      0.99193710
      0.98292296
      0.97282000
      0.96349531
      0.95504902
      0.94722087
      0.93982932
      0.93283836
      0.92624462
      0.91994778
      0.91382728
      0.90780733
      0.90190036
      0.89617519
      0.89076668
      0.88570532
      0.88091933
      0.87633029
      0.87196627
      0.86804639
      0.86470835
      0.86204332
      0.86015485
      0.85912916
      0.85898108
      0.85966977
      0.86113044
      0.86333054
      0.86628315
      0.87006530
      0.87481268
      0.88058400
      0.88747867
      0.89553525
      0.90471746
      0.91491272
      0.92549503
      0.93627426
      0.94749940
      0.96048437
      0.97573125
      0.99329138
       1.0128992
       1.0341587
       1.0567981
       1.0805639
       1.1051756
       1.1303455
       1.1557837
       1.1812825
       1.2066510
       1.2316672
       1.2561108
       1.2798413
       1.3028889
       1.3254828
       1.3479570
       1.3705073
       1.3928125
       1.4139246
       1.4328005
       1.4490984
       1.4630567
       1.4753143
       1.4862791
       1.4961247
       1.5048235
       1.5123995
       1.5186203
       1.5230917
       1.5253961
       1.5252965
       1.5228683
       1.5183545
       1.5112051
       1.5002368
       1.4850784
       1.4668686
       1.4466997
       1.4256068
       1.4042513
       1.3824282
       1.3598038
       1.3361976
       1.3115072
       1.2855674
       1.2579405
       1.2281408
       1.1963330
       1.1638630
       1.1324373
       1.1028100
       1.0746997
       1.0472900
       1.0198070
      0.99196531
      0.96378479
      0.93546021
      0.90702752
      0.87877445
      0.85099683
      0.82400981
      0.79808679
      0.77341327
      0.75018820
      0.72862282
      0.70889146
      0.69108622
      0.67519669
      0.66107262
      0.64839674
      0.63675020
      0.62578657
      0.61533760
      0.60543593
      0.59622000
      0.58768370
      0.57960512
      0.57165169
      0.56357515
      0.55533322
      0.54710212
      0.53918638
      0.53188720
      0.52540253
      0.51982387
      0.51515759
      0.51133215
      0.50819625
      0.50554739
      0.50327761
      0.50145304
      0.50019675
      0.49952377
      0.49933595
      0.49943022
      0.49958828
      0.49958064
      0.49923104
      0.49848793
      0.49742108
      0.49613592
      0.49463019
      0.49278726
      0.49052190
      0.48789946
      0.48513666
      0.48251441
      0.48024538
      0.47843528
      0.47705314
      0.47600360
      0.47521424
      0.47468456
      0.47450711
      0.47480563
      0.47564782
      0.47705983
      0.47907295
      0.48163130
      0.48420957
      0.48642083
      0.48835643
      0.49040476
      0.49294872
      0.49613190
      0.49985366
      0.50411418
      0.50900374
      0.51471183
      0.52140828
      0.52914483
      0.53775764
      0.54700565
      0.55677740
      0.56717307
      0.57830438
      0.59013868
      0.60273403
      0.61622918
      0.63056732
      0.64444531
      0.65618723
      0.66539795
      0.67308136
      0.68117170
      0.69066413
      0.70173081
      0.71432253
      0.72828678
      0.74324542
      0.75877480
      0.77460448
      0.79060248
      0.80670623
      0.82288168
      0.83899099
      0.85488284
      0.87056989
      0.88638116
      0.90275354
      0.91923791
      0.93440122
      0.94692578
      0.95625455
      0.96309620
      0.96855716
      0.97351012
      0.97862033
      0.98290898
      0.98487774
      0.98320810
      0.97669156
      0.96814395
      0.96050467
      0.95428379
      0.94866282
      0.94296927
      0.93689615
      0.93020272
      0.92263097
      0.91352062
      0.90194748
      0.88802700
      0.87317156
      0.85837988
      0.84345307
      0.82806588
      0.81241228
      0.79712405
      0.78242302
      0.76828331
      0.75497551
      0.74261732
      0.73085371
      0.71892952
      0.70649929
      0.69384140
      0.68152022
      0.66990687
      0.65902905
      0.64873565
      0.63892405
      0.62964070
      0.62092060
      0.61242875
      0.60360619
      0.59410064
      0.58394119
      0.57361602
      0.56366895
      0.55455135
      0.54666652
      0.54031740
      0.53535319
      0.53072146
      0.52476318
      0.51668718
      0.50782732
      0.50007675
      0.49428481
      0.49016654
      0.48695538
      0.48415105
      0.48160992
      0.47915971
      0.47666953
      0.47417415
      0.47110651
      0.46725009
      0.46360568
      0.46047667
      0.45731243
      0.45476016
      0.45339033
      0.45300937
      0.45349311
      0.45520082
      0.45781756
      0.45951964
      0.45817074
      0.45414812
      0.45020662
      0.44789735
      0.44476925
      0.43726752
      0.42575595
      0.41402722
      0.40574593
      0.40131325
      0.39909616
      0.39766334
      0.39640616
      0.39527075
      0.39442469
      0.39385398
      0.39332415
      0.39234490
      0.39081574
      0.38907930
      0.38773729
      0.38725904
      0.38688264
      0.38484463
      0.38031286
      0.37455010
      0.36958470
      0.36623103
      0.36396645
      0.36178216
      0.35934577
      0.35707487
      0.35544858
      0.35456696
      0.35416273
      0.35384843
      0.35339187
      0.35294096
      0.35293990
      0.35371185
      0.35490804
      0.35603292
      0.35702448
      0.35785260
      0.35876631
      0.36012987
      0.36218537
      0.36492705
      0.36794683
      0.37122628
      0.37524106
      0.38036577
      0.38659613
      0.39372759
      0.40177312
      0.41095681
      0.42106116
      0.43111995
      0.44043814
      0.44848578
      0.45572879
      0.46298432
      0.47047079
      0.47784621
      0.48468751
      0.49085989
      0.49671281
      0.50275844
      0.50953238
      0.51731133
      0.52588131
      0.53443180
      0.54214040
      0.54913147
      0.55626090
      0.56436246
      0.57346714
      0.58302644
      0.59263313
      0.60229391
      0.61212320
      0.62166874
      0.63023921
      0.63747931
      0.64367655
      0.64953579
      0.65547662
      0.66168191
      0.66833423
      0.67533861
      0.68198826
      0.68747204
      0.69168928
      0.69528582
      0.69921167
      0.70387644
      0.70914911
      0.71468264
      0.72018464
      0.72550051
      0.73062071
      0.73563700
      0.74072818
      0.74618450
      0.75223442
      0.75844369
      0.76359623
      0.76670423
      0.76797783
      0.76812424
      0.76743321
      0.76555829
      0.76218245
      0.75766785
      0.75248926
      0.74624555
      0.73829047
      0.72941078
      0.72137590
      0.71530850
      0.71119625
      0.70845031
      0.70635958
      0.70424897
      0.70177151
      0.69898674
      0.69621005
      0.69371056
      0.69140970
      0.68883139
      0.68519653
      0.67979736
      0.67254149
      0.66427323
      0.65615593
      0.64912317
      0.64352555
      0.63922858
      0.63581052
      0.63275572
      0.62964262
      0.62629158
      0.62274139
      0.61929823
      0.61635126
      0.61396493
      0.61152318
      0.60818002
      0.60369832
      0.59855380
      0.59319934
      0.58765863
      0.58177706
      0.57571058
      0.56984264
      0.56408187
      0.55756239
      0.54961828
      0.54077591
      0.53263403
      0.52604868
      0.52083432
      0.51639218
      0.51220890
      0.50796899
      0.50351958
      0.49886867
      0.49415988
      0.48961326
      0.48545841
      0.48179525
      0.47848588
      0.47517092
      0.47147223
      0.46730502
      0.46292919
      0.45871304
      0.45484958
      0.45122256
      0.44750875
      0.44347685
      0.43924068
      0.43514540
      0.43131854
      0.42733420
      0.42228176
      0.41548042
      0.40734903
      0.39917931
      0.39193535
      0.38584015
      0.38062139
      0.37592070
      0.37145614
      0.36702874
      0.36249179
      0.35772214
      0.35262516
      0.34714804
      0.34135155
      0.33549365
      0.32992231
      0.32491008
      0.32057930
      0.31686832
      0.31352163
      0.31019333
      0.30660861
      0.30261364
      0.29817777
      0.29337604
      0.28846338
      0.28375583
      0.27926345
      0.27486510
      0.27056508
      0.26645890
      0.26261013
      0.25904146
      0.25576360
      0.25274328
      0.24988821
      0.24708463
      0.24424338
      0.24134579
      0.23844849
      0.23563579
      0.23298673
      0.23056092
      0.22837279
      0.22634483
      0.22429096
      0.22200131
      0.21941523
      0.21666719
      0.21393897
      0.21128890
      0.20870973
      0.20630822
      0.20380476
      0.20079463
      0.19739916
      0.19407557
      0.19117655
      0.18854212
      0.18559528
      0.18194218
      0.17779086
      0.17373718
      0.17018563
      0.16720053
      0.16465792
      0.16234876
      0.16001804
      0.15751266
      0.15487117
      0.15226481
      0.14984007
      0.14759885
      0.14547735
      0.14342487
      0.14141321
      0.13942084
      0.13743921
      0.13547224
      0.13349401
      0.13140575
      0.12908169
      0.12652541
      0.12396246
      0.12163986
      0.11962627
      0.11783793
      0.11617598
      0.11460831
      0.11315413
      0.11180957
      0.11049276
      0.10911915
      0.10767095
      0.10615844
      0.10466048
      0.10325160
      0.10183044
      0.10026202
     0.098529047
     0.096735475
     0.095012285
     0.093424970
     0.091960989
     0.090605347
     0.089379046
     0.088285038
     0.087258293
     0.086217877
     0.085132004
     0.083998195
     0.082794903
     0.081487125
     0.080071922
     0.078596794
     0.077137924
     0.075754567
     0.074477374
     0.073322909
     0.072282942
     0.071332080
     0.070452001
     0.069626790
     0.068834827
     0.068059429
     0.067298507
     0.066552481
     0.065811682
     0.065060363
     0.064285445
     0.063482346
     0.062654233
     0.061809335
     0.060958242
     0.060112344
     0.059280180
     0.058465344
     0.057666904
     0.056881798
     0.056107182
     0.055341426
     0.054583881
     0.053834271
     0.053092286
     0.052357364
     0.051628340
     0.050902576
