       12.755607
       12.719376
       12.683176
       12.647059
       12.611033
       12.575099
       12.539258
       12.503508
       12.467851
       12.432286
       12.396812
       12.361430
       12.326139
       12.290938
       12.255828
       12.220808
       12.185879
       12.151039
       12.116288
       12.081628
       12.047056
       12.012573
       11.978179
       11.943875
       11.909661
       11.875540
       11.841516
       11.807597
       11.773793
       11.740122
       11.706604
       11.673264
       11.640121
       11.607179
       11.574407
       11.541722
       11.508967
       11.475913
       11.442270
       11.407728
       11.372007
       11.334916
       11.296377
       11.256438
       11.215230
       11.172892
       11.129471
       11.084801
       11.038433
       10.989678
       10.937934
       10.883372
       10.827749
       10.774644
       10.728455
       10.692479
       10.667943
       10.654258
       10.649915
       10.653191
       10.662504
       10.676510
       10.694106
       10.714400
       10.736677
       10.760388
       10.785110
       10.810534
       10.836441
       10.862679
       10.889144
       10.915777
       10.942551
       10.969471
       10.996544
       11.023777
       11.051166
       11.078703
       11.106368
       11.134111
       11.161835
       11.189400
       11.216633
       11.243336
       11.269299
       11.294327
       11.318261
       11.341011
       11.362587
       11.383001
       11.402385
       11.421077
       11.439333
       11.457260
       11.474890
       11.492240
       11.509319
       11.526123
       11.542607
       11.558674
       11.574196
       11.589047
       11.603135
       11.616419
       11.628908
       11.640649
       11.651706
       11.662148
       11.672046
       11.681471
       11.690488
       11.699150
       11.707504
       11.715568
       11.723334
       11.730781
       11.737894
       11.744663
       11.751084
       11.757162
       11.762900
       11.768313
       11.773420
       11.778242
       11.782795
       11.787090
       11.791138
       11.794944
       11.798517
       11.801844
       11.804876
       11.807521
       11.809677
       11.811268
       11.812278
       11.812749
       11.812774
       11.812462
       11.811910
       11.811233
       11.810505
       11.809860
       11.809412
       11.809255
       11.809438
       11.809914
       11.810546
       11.811144
       11.811506
       11.811471
       11.810953
       11.809915
       11.808330
       11.806127
       11.803153
       11.799189
       11.794015
       11.787429
       11.779224
       11.769250
       11.757443
       11.743888
       11.728866
       11.712840
       11.696330
       11.679772
       11.663346
       11.647249
       11.631599
       11.616394
       11.601596
       11.587166
       11.573089
       11.559345
       11.545911
       11.532758
       11.519855
       11.507180
       11.494725
       11.482496
       11.470522
       11.458849
       11.447532
       11.436615
       11.426076
       11.415785
       11.405480
       11.394891
       11.383936
       11.372528
       11.360488
       11.347706
       11.334041
       11.319272
       11.303377
       11.286598
       11.269001
       11.250581
       11.231408
       11.211510
       11.190918
       11.169624
       11.147622
       11.124919
       11.101527
       11.077481
       11.052841
       11.027702
       11.002165
       10.976282
       10.949995
       10.923118
       10.895353
       10.866475
       10.836442
       10.805277
       10.773091
       10.740036
       10.706288
       10.672067
       10.637604
       10.603029
       10.568345
       10.533467
       10.498308
       10.462883
       10.427365
       10.392152
       10.357632
       10.323866
       10.290434
       10.256415
       10.220944
       10.183352
       10.143234
       10.100499
       10.055427
       10.008598
       9.9607770
       9.9126767
       9.8648174
       9.8175018
       9.7708553
       9.7249244
       9.6797313
       9.6353086
       9.5916731
       9.5488100
       9.5066882
       9.4652663
       9.4244942
       9.3843240
       9.3447074
       9.3056068
       9.2669965
       9.2288574
       9.1911794
       9.1539514
       9.1171550
       9.0807594
       9.0447083
       9.0089296
       8.9733505
       8.9379124
       8.9026202
       8.8676006
       8.8331243
       8.7995190
       8.7668655
       8.7346789
       8.7019259
       8.6677370
       8.6321398
       8.5958920
       8.5597102
       8.5239324
       8.4886173
       8.4537712
       8.4194171
       8.3855996
       8.3523631
       8.3197468
       8.2878138
       8.2566445
       8.2263126
       8.1968617
       8.1683009
       8.1406005
       8.1136966
       8.0874924
       8.0618785
       8.0367341
       8.0119438
       7.9874122
       7.9630487
       7.9386627
       7.9138411
       7.8879234
       7.8601127
       7.8299118
       7.7973951
       7.7635014
       7.7295356
       7.6962159
       7.6637631
       7.6323089
       7.6017909
       7.5720875
       7.5430403
       7.5144823
       7.4862856
       7.4583609
       7.4306530
       7.4031077
       7.3756671
       7.3482633
       7.3208135
       7.2932275
       7.2654154
       7.2372489
       7.2085408
       7.1790054
       7.1482464
       7.1157761
       7.0810760
       7.0437146
       7.0034343
       6.9602035
       6.9141867
       6.8656739
       6.8150042
       6.7625036
       6.7084541
       6.6531158
       6.5967279
       6.5395752
       6.4820826
       6.4251057
       6.3702949
       6.3199337
       6.2751067
       6.2329319
       6.1872383
       6.1335723
       6.0693717
       5.9984732
       5.9258005
       5.8530032
       5.7797935
       5.7056309
       5.6302023
       5.5527187
       5.4727296
       5.3901847
       5.3051434
       5.2177000
       5.1279774
       5.0360986
       4.9421628
       4.8463119
       4.7487108
       4.6495120
       4.5487619
       4.4463313
       4.3420872
       4.2359846
       4.1282043
       4.0190396
       3.9087043
       3.7969843
       3.6832973
       3.5671431
       3.4486465
       3.3286489
       3.2078580
       3.0868626
       2.9661557
       2.8465342
       2.7292067
       2.6152591
       2.5055006
       2.4004825
       2.3004777
       2.2055481
       2.1156821
       2.0309559
       1.9512728
       1.8765782
       1.8067297
       1.7416157
       1.6811482
       1.6252649
       1.5739132
       1.5270091
       1.4844366
       1.4460264
       1.4114750
       1.3805072
       1.3528082
       1.3284507
       1.3083702
       1.2934397
       1.2836141
       1.2759996
       1.2675977
       1.2572523
       1.2460643
       1.2349696
       1.2241117
       1.2141471
       1.2054490
       1.1980449
       1.1916905
       1.1863568
       1.1818418
       1.1779019
       1.1743720
       1.1710923
       1.1679558
       1.1647926
       1.1613855
       1.1574874
       1.1529050
       1.1475101
       1.1412693
       1.1341733
       1.1261129
       1.1171746
       1.1077641
       1.0985299
       1.0900620
       1.0826290
       1.0764270
       1.0715036
       1.0680312
       1.0661694
       1.0660033
       1.0674666
       1.0702579
       1.0741737
       1.0792107
       1.0856858
       1.0937577
       1.1034796
       1.1147875
       1.1275177
       1.1415414
       1.1567990
       1.1733718
       1.1914320
       1.2111960
       1.2328734
       1.2566681
       1.2828858
       1.3120948
       1.3450158
       1.3818033
       1.4210667
       1.4601130
       1.4965424
       1.5302241
       1.5622953
       1.5939796
       1.6259709
       1.6583652
       1.6909197
       1.7231601
       1.7545380
       1.7845165
       1.8125816
       1.8382634
       1.8609677
       1.8799240
       1.8944871
       1.9045617
       1.9107366
       1.9140886
       1.9154526
       1.9153018
       1.9138756
       1.9112228
       1.9072612
       1.9019757
       1.8953706
       1.8874346
       1.8781844
       1.8674438
       1.8548499
       1.8397626
       1.8215105
       1.7998103
       1.7748269
       1.7469480
       1.7166645
       1.6843998
       1.6505115
       1.6152466
       1.5788989
       1.5419484
       1.5049849
       1.4684163
       1.4323039
       1.3964564
       1.3607176
       1.3251136
       1.2895736
       1.2537729
       1.2170158
       1.1789481
       1.1394549
       1.0994749
       1.0602843
       1.0227658
      0.98740505
      0.95443869
      0.92426396
      0.89708975
      0.87273886
      0.85090643
      0.83134453
      0.81386430
      0.79829365
      0.78437085
      0.77180693
      0.76038571
      0.74997104
      0.74050760
      0.73204388
      0.72472581
      0.71861202
      0.71366041
      0.70964658
      0.70615392
      0.70286481
      0.69965192
      0.69661850
      0.69387894
      0.69168935
      0.69027691
      0.68977035
      0.69011897
      0.69138946
      0.69320298
      0.69504873
      0.69563821
      0.69407097
      0.69086581
      0.68701255
      0.68285274
      0.67805325
      0.67285406
      0.66732503
      0.66181315
      0.65657214
      0.65140708
      0.64626698
      0.64120138
      0.63633734
      0.63180966
      0.62774700
      0.62418161
      0.62107563
      0.61824135
      0.61552358
      0.61309145
      0.61114128
      0.60977221
      0.60892083
      0.60848959
      0.60852648
      0.60918741
      0.61064854
      0.61304589
      0.61643490
      0.62078453
      0.62601815
      0.63209347
      0.63897809
      0.64666483
      0.65527145
      0.66485824
      0.67547299
      0.68709348
      0.69948845
      0.71254032
      0.72638345
      0.74117448
      0.75710928
      0.77426406
      0.79196190
      0.80921139
      0.82576373
      0.84124422
      0.85411718
      0.86388747
      0.87270571
      0.88426701
      0.89987186
      0.91836209
      0.93823908
      0.95860728
      0.97917858
      0.99988706
       1.0206863
       1.0413692
       1.0615226
       1.0806828
       1.0985818
       1.1151940
       1.1307528
       1.1456285
       1.1600673
       1.1739456
       1.1868204
       1.1987828
       1.2098577
       1.2191723
       1.2256961
       1.2294578
       1.2312256
       1.2318945
       1.2319238
       1.2312907
       1.2298486
       1.2278088
       1.2257740
       1.2244343
       1.2238722
       1.2231123
       1.2204290
       1.2137458
       1.2016381
       1.1847773
       1.1651024
       1.1463048
       1.1305934
       1.1173646
       1.1040884
       1.0883049
       1.0694322
       1.0488498
       1.0283194
       1.0087342
      0.99020027
      0.97266247
      0.95599665
      0.94004856
      0.92467502
      0.90979119
      0.89521402
      0.88085020
      0.86679907
      0.85304051
      0.83952160
      0.82642300
      0.81406657
      0.80218676
      0.79009316
      0.77799393
      0.76709859
      0.75760239
      0.74709424
      0.73283299
      0.71584581
      0.70036603
      0.68979759
      0.68479748
      0.67970710
      0.66647077
      0.64544402
      0.62284445
      0.60418364
      0.59090238
      0.58155189
      0.57445388
      0.56876254
      0.56419664
      0.56065067
      0.55805690
      0.55624607
      0.55505521
      0.55438543
      0.55420977
      0.55443062
      0.55468210
      0.55428584
      0.55279626
      0.55025536
      0.54727287
      0.54454532
      0.54266272
      0.54179069
      0.54151397
      0.54106042
      0.54004655
      0.53839149
      0.53639625
      0.53421599
      0.53185032
      0.52928409
      0.52676508
      0.52457617
      0.52265561
      0.52036987
      0.51689299
      0.51207621
      0.50652994
      0.50069956
      0.49448736
      0.48862921
      0.48353907
      0.47887038
      0.47465922
      0.47153434
      0.46969004
      0.46875473
      0.46813591
      0.46754204
      0.46706332
      0.46680382
      0.46655795
      0.46625325
      0.46613867
      0.46664452
      0.46775043
      0.46855993
      0.46752153
      0.46345967
      0.45624973
      0.44743806
      0.43933263
      0.43379145
      0.43085772
      0.42951802
      0.42891096
      0.42898916
      0.43015001
      0.43172317
      0.43277848
      0.43322331
      0.43294834
      0.43230148
      0.43229905
      0.43388081
      0.43711346
      0.44132688
      0.44593462
      0.45084600
      0.45631355
      0.46252160
      0.46953112
      0.47728998
      0.48539064
      0.49320241
      0.50070454
      0.50820884
      0.51613083
      0.52456882
      0.53336850
      0.54267810
      0.55254193
      0.56217432
      0.57057367
      0.57770962
      0.58445665
      0.59135621
      0.59836980
      0.60527947
      0.61228319
      0.61986931
      0.62827717
      0.63739294
      0.64689871
      0.65638997
      0.66555420
      0.67422470
      0.68236966
      0.69013687
      0.69786089
      0.70599251
      0.71482019
      0.72379429
      0.73150095
      0.73711193
      0.74057807
      0.74236378
      0.74346377
      0.74501016
      0.74729295
      0.74898035
      0.74831165
      0.74551143
      0.74244135
      0.74043030
      0.73963702
      0.73966297
      0.74029688
      0.74140078
      0.74252216
      0.74299422
      0.74234831
      0.74092736
      0.73950552
      0.73828352
      0.73651526
      0.73333512
      0.72893157
      0.72445569
      0.72082036
      0.71813691
      0.71607501
      0.71430901
      0.71268010
      0.71118356
      0.70986563
      0.70871882
      0.70761646
      0.70638540
      0.70497828
      0.70351252
      0.70213665
      0.70085310
      0.69959772
      0.69834508
      0.69685577
      0.69438151
      0.69002048
      0.68344194
      0.67442593
      0.66290167
      0.64973470
      0.63675370
      0.62543618
      0.61583136
      0.60732959
      0.59961700
      0.59274005
      0.58673634
      0.58145724
      0.57663740
      0.57176679
      0.56604456
      0.55879598
      0.55004967
      0.54056266
      0.53130490
      0.52297937
      0.51585285
      0.50980679
      0.50454170
      0.49971907
      0.49501824
      0.49024415
      0.48545754
      0.48083809
      0.47636578
      0.47191839
      0.46750255
      0.46312267
      0.45844394
      0.45299178
      0.44677066
      0.44017004
      0.43353597
      0.42707920
      0.42092456
      0.41508967
      0.40942622
      0.40371898
      0.39794794
      0.39248113
      0.38770007
      0.38356788
      0.37973642
      0.37589802
      0.37196946
      0.36800047
      0.36401765
      0.35997365
      0.35580832
      0.35153585
      0.34726433
      0.34310136
      0.33900581
      0.33489034
      0.33078099
      0.32691968
      0.32346381
      0.32040800
      0.31775637
      0.31545860
      0.31318422
      0.31070970
      0.30836563
      0.30599083
      0.30216676
      0.29613420
      0.28914857
      0.28274537
      0.27754124
      0.27330424
      0.26957761
      0.26608244
      0.26273827
      0.25950438
      0.25624477
      0.25273387
      0.24879985
      0.24449608
      0.24014003
      0.23610235
      0.23256230
      0.22939632
      0.22630705
      0.22307032
      0.21965098
      0.21616769
      0.21281263
      0.20969361
      0.20673390
      0.20358844
      0.20025090
      0.19694640
      0.19387818
      0.19110057
      0.18854830
      0.18616834
      0.18393299
      0.18183498
      0.17986752
      0.17801858
      0.17625519
      0.17451714
      0.17275014
      0.17095688
      0.16920998
      0.16758655
      0.16609306
      0.16466462
      0.16324691
      0.16178010
      0.16016393
      0.15852019
      0.15696821
      0.15513708
      0.15279051
      0.15017098
      0.14768280
      0.14557406
      0.14381033
      0.14210713
      0.14008018
      0.13747426
      0.13447275
      0.13159952
      0.12919980
      0.12726290
      0.12565291
      0.12423889
      0.12282470
      0.12113507
      0.11904891
      0.11676349
      0.11459580
      0.11269114
      0.11096214
      0.10925874
      0.10755113
      0.10591794
      0.10440318
      0.10295712
      0.10147991
     0.099914610
     0.098301013
     0.096730604
     0.095277228
     0.093964656
     0.092765765
     0.091630755
     0.090518326
     0.089414850
     0.088337347
     0.087306587
     0.086319997
     0.085362807
     0.084417707
     0.083434167
     0.082329144
     0.081083949
     0.079798941
     0.078601127
     0.077538914
     0.076578365
     0.075677455
     0.074839254
     0.074095477
     0.073445520
     0.072838022
     0.072220428
     0.071566001
     0.070842660
     0.069990893
     0.068978605
     0.067852346
     0.066706952
     0.065604826
     0.064559481
     0.063565946
     0.062619764
     0.061718749
     0.060859399
     0.060033991
     0.059230517
     0.058438882
     0.057654614
     0.056876818
     0.056105614
     0.055341286
     0.054584181
     0.053834562
     0.053092435
     0.052357392
     0.051628306
     0.050902523
