       12.755607
       12.719376
       12.683176
       12.647059
       12.611033
       12.575099
       12.539258
       12.503508
       12.467851
       12.432286
       12.396812
       12.361430
       12.326139
       12.290938
       12.255828
       12.220808
       12.185879
       12.151039
       12.116288
       12.081628
       12.047056
       12.012573
       11.978180
       11.943878
       11.909668
       11.875556
       11.841551
       11.807669
       11.773937
       11.740396
       11.707104
       11.674134
       11.641567
       11.609473
       11.577879
       11.546733
       11.515865
       11.484977
       11.453654
       11.421415
       11.387789
       11.352386
       11.314924
       11.275207
       11.233058
       11.188241
       11.140435
       11.089286
       11.034586
       10.976570
       10.916278
       10.855823
       10.798385
       10.747585
       10.706406
       10.676206
       10.656888
       10.647420
       10.646348
       10.652311
       10.664158
       10.680846
       10.701370
       10.724729
       10.749959
       10.776183
       10.802647
       10.828762
       10.854113
       10.878476
       10.901799
       10.924156
       10.945721
       10.966724
       10.987419
       11.008088
       11.028980
       11.050310
       11.072232
       11.094842
       11.118168
       11.142175
       11.166759
       11.191756
       11.216939
       11.242084
       11.266988
       11.291501
       11.315522
       11.338943
       11.361556
       11.383035
       11.403030
       11.421307
       11.437823
       11.452717
       11.466222
       11.478577
       11.490019
       11.500767
       11.511021
       11.520955
       11.530703
       11.540365
       11.550004
       11.559633
       11.569233
       11.578745
       11.588076
       11.597127
       11.605770
       11.613890
       11.621385
       11.628162
       11.634149
       11.639297
       11.643592
       11.647051
       11.649720
       11.651659
       11.652941
       11.653651
       11.653878
       11.653710
       11.653232
       11.652519
       11.651651
       11.650684
       11.649638
       11.648544
       11.647412
       11.646247
       11.645044
       11.643773
       11.642383
       11.640808
       11.638976
       11.636807
       11.634232
       11.631191
       11.627643
       11.623546
       11.618875
       11.613616
       11.607772
       11.601350
       11.594378
       11.586888
       11.578911
       11.570485
       11.561650
       11.552436
       11.542860
       11.532913
       11.522562
       11.511761
       11.500456
       11.488594
       11.476136
       11.463052
       11.449330
       11.434977
       11.420014
       11.404471
       11.388392
       11.371826
       11.354818
       11.337415
       11.319666
       11.301594
       11.283209
       11.264524
       11.245548
       11.226282
       11.206722
       11.186866
       11.166711
       11.146255
       11.125501
       11.104452
       11.083109
       11.061478
       11.039563
       11.017368
       10.994897
       10.972155
       10.949138
       10.925840
       10.902247
       10.878337
       10.854086
       10.829469
       10.804460
       10.779035
       10.753173
       10.726861
       10.700098
       10.672888
       10.645252
       10.617225
       10.588864
       10.560233
       10.531399
       10.502394
       10.473196
       10.443678
       10.413589
       10.382668
       10.350705
       10.317533
       10.282996
       10.246975
       10.209443
       10.170413
       10.129976
       10.088301
       10.045613
       10.002150
       9.9581532
       9.9138294
       9.8693463
       9.8248279
       9.7803544
       9.7359719
       9.6917058
       9.6475608
       9.6035302
       9.5595984
       9.5157323
       9.4719055
       9.4280717
       9.3841871
       9.3402025
       9.2960632
       9.2517213
       9.2071364
       9.1622817
       9.1171394
       9.0717023
       9.0259726
       8.9799583
       8.9336856
       8.8871905
       8.8405266
       8.7937505
       8.7469476
       8.7002229
       8.6536897
       8.6074682
       8.5616673
       8.5163832
       8.4716889
       8.4276447
       8.3843013
       8.3416950
       8.2998566
       8.2587979
       8.2185155
       8.1790015
       8.1402582
       8.1023140
       8.0652572
       8.0292817
       7.9947790
       7.9624248
       7.9329646
       7.9063691
       7.8809267
       7.8542883
       7.8254260
       7.7935999
       7.7588987
       7.7221852
       7.6844128
       7.6462243
       7.6079470
       7.5697406
       7.5316928
       7.4938622
       7.4562892
       7.4190093
       7.3820581
       7.3454830
       7.3093425
       7.2736854
       7.2385508
       7.2039654
       7.1699401
       7.1364725
       7.1035467
       7.0711361
       7.0392116
       7.0077412
       6.9766931
       6.9460358
       6.9157374
       6.8857604
       6.8560551
       6.8265599
       6.7971955
       6.7678643
       6.7384684
       6.7089099
       6.6790896
       6.6489396
       6.6183940
       6.5873894
       6.5558526
       6.5236935
       6.4908190
       6.4571328
       6.4225439
       6.3869603
       6.3503039
       6.3125126
       6.2735493
       6.2333957
       6.1920637
       6.1495906
       6.1060101
       6.0614142
       6.0159183
       5.9696714
       5.9228371
       5.8755561
       5.8279471
       5.7801184
       5.7321443
       5.6840752
       5.6359058
       5.5875235
       5.5386588
       5.4889532
       5.4381268
       5.3860818
       5.3327986
       5.2781818
       5.2220174
       5.1639586
       5.1035934
       5.0405673
       4.9748119
       4.9068134
       4.8374302
       4.7674381
       4.6972829
       4.6269664
       4.5561145
       4.4841547
       4.4105904
       4.3353225
       4.2587480
       4.1815483
       4.1041553
       4.0265611
       3.9485227
       3.8697977
       3.7903070
       3.7099770
       3.6288626
       3.5470632
       3.4647133
       3.3819583
       3.2989760
       3.2158774
       3.1327416
       3.0496317
       2.9665268
       2.8834945
       2.8005380
       2.7178382
       2.6359129
       2.5559457
       2.4793895
       2.4063834
       2.3346949
       2.2618179
       2.1862820
       2.1093059
       2.0331421
       1.9588444
       1.8866423
       1.8166759
       1.7491172
       1.6841014
       1.6216553
       1.5618779
       1.5049095
       1.4509626
       1.4001998
       1.3527584
       1.3087337
       1.2682053
       1.2311575
       1.1975800
       1.1675763
       1.1409969
       1.1174832
       1.0966492
       1.0781396
       1.0608630
       1.0423095
       1.0203768
      0.99615920
      0.97169044
      0.94940605
      0.92993971
      0.91247550
      0.89645028
      0.88168835
      0.86821666
      0.85608361
      0.84528424
      0.83577474
      0.82758072
      0.82093922
      0.81655197
      0.81526508
      0.81669929
      0.81809196
      0.81644261
      0.81191196
      0.80706553
      0.80355875
      0.80095860
      0.79875624
      0.79660829
      0.79421744
      0.79156517
      0.78890235
      0.78656629
      0.78480867
      0.78370338
      0.78323443
      0.78337667
      0.78413958
      0.78557987
      0.78771619
      0.79052179
      0.79389491
      0.79764446
      0.80153760
      0.80541087
      0.80935948
      0.81374118
      0.81910737
      0.82601932
      0.83481214
      0.84554749
      0.85812040
      0.87219298
      0.88714658
      0.90242647
      0.91786602
      0.93378274
      0.95077970
      0.96919384
      0.98889762
       1.0097096
       1.0313718
       1.0536269
       1.0761925
       1.0987852
       1.1211390
       1.1430117
       1.1641898
       1.1844885
       1.2036738
       1.2214756
       1.2375640
       1.2516124
       1.2634502
       1.2731980
       1.2810902
       1.2873696
       1.2921985
       1.2955779
       1.2973747
       1.2974834
       1.2958454
       1.2923376
       1.2870509
       1.2803312
       1.2724752
       1.2635204
       1.2534400
       1.2422515
       1.2299601
       1.2165320
       1.2019415
       1.1860247
       1.1686155
       1.1499389
       1.1304181
       1.1105753
       1.0910764
       1.0723932
       1.0543122
       1.0357627
       1.0158186
      0.99426047
      0.97156610
      0.94862346
      0.92592934
      0.90334218
      0.88065176
      0.85791809
      0.83545110
      0.81359572
      0.79251630
      0.77213463
      0.75229783
      0.73299389
      0.71435268
      0.69653593
      0.67960002
      0.66347631
      0.64805197
      0.63323350
      0.61901165
      0.60540403
      0.59234532
      0.57974825
      0.56752143
      0.55566658
      0.54431499
      0.53363631
      0.52376377
      0.51475466
      0.50661139
      0.49929319
      0.49276287
      0.48691739
      0.48165994
      0.47686175
      0.47237926
      0.46815657
      0.46427892
      0.46094123
      0.45830020
      0.45642749
      0.45529825
      0.45488852
      0.45507751
      0.45560706
      0.45573122
      0.45424403
      0.45065038
      0.44565009
      0.44066803
      0.43646027
      0.43296163
      0.42990483
      0.42718068
      0.42472459
      0.42225240
      0.41937850
      0.41593196
      0.41228323
      0.40889616
      0.40610186
      0.40412578
      0.40313069
      0.40299392
      0.40314568
      0.40288926
      0.40183524
      0.40017014
      0.39857358
      0.39759128
      0.39743563
      0.39809430
      0.39945081
      0.40137639
      0.40375089
      0.40659777
      0.40993935
      0.41376597
      0.41806713
      0.42307975
      0.42855698
      0.43464372
      0.44188767
      0.45026044
      0.45916753
      0.46810067
      0.47709222
      0.48663810
      0.49725464
      0.50913456
      0.52223670
      0.53641376
      0.55136976
      0.56664056
      0.58189918
      0.59713354
      0.61262142
      0.62855229
      0.64474728
      0.66075117
      0.67608872
      0.69050205
      0.70418537
      0.71760148
      0.73113514
      0.74497709
      0.75902748
      0.77299425
      0.78658257
      0.79960336
      0.81201510
      0.82356713
      0.83390565
      0.84276651
      0.85007905
      0.85523822
      0.85772918
      0.85622677
      0.85190330
      0.84742202
      0.84383034
      0.84061792
      0.83700789
      0.83253577
      0.82685071
      0.81982985
      0.81161493
      0.80264571
      0.79332674
      0.78387850
      0.77440231
      0.76486211
      0.75505225
      0.74477492
      0.73416436
      0.72366199
      0.71367055
      0.70435430
      0.69561659
      0.68724735
      0.67899214
      0.67066021
      0.66219269
      0.65360161
      0.64504277
      0.63663286
      0.62849091
      0.62073823
      0.61339924
      0.60633481
      0.59912238
      0.59119588
      0.58231625
      0.57280995
      0.56337137
      0.55427825
      0.54516506
      0.53559840
      0.52551198
      0.51524022
      0.50524554
      0.49586840
      0.48718205
      0.47901821
      0.47124464
      0.46391712
      0.45713891
      0.45090415
      0.44519260
      0.44002824
      0.43551399
      0.43162878
      0.42796570
      0.42402511
      0.41987352
      0.41590900
      0.41255094
      0.41005777
      0.40847916
      0.40745564
      0.40642087
      0.40501653
      0.40324953
      0.40128692
      0.39927162
      0.39712314
      0.39466972
      0.39240744
      0.39153704
      0.39177871
      0.38996832
      0.38496035
      0.37884255
      0.37364275
      0.37014194
      0.36805502
      0.36687718
      0.36623470
      0.36588545
      0.36570344
      0.36562033
      0.36560029
      0.36554563
      0.36533011
      0.36493069
      0.36438847
      0.36352536
      0.36191454
      0.35920477
      0.35576023
      0.35219614
      0.34891308
      0.34578409
      0.34287763
      0.34057287
      0.33897388
      0.33790895
      0.33717327
      0.33657611
      0.33609091
      0.33580110
      0.33563704
      0.33554931
      0.33517616
      0.33395486
      0.33205875
      0.33006119
      0.32845374
      0.32754219
      0.32721206
      0.32720799
      0.32784204
      0.33005005
      0.33392572
      0.33745224
      0.33869112
      0.33733374
      0.33540285
      0.33475684
      0.33579231
      0.33840312
      0.34226252
      0.34694081
      0.35213201
      0.35778794
      0.36409117
      0.37122993
      0.37906815
      0.38728932
      0.39578426
      0.40467180
      0.41429888
      0.42490662
      0.43647907
      0.44872094
      0.46114289
      0.47332037
      0.48517877
      0.49717826
      0.50993450
      0.52305475
      0.53457555
      0.54305376
      0.54911049
      0.55438807
      0.56014258
      0.56637944
      0.57265809
      0.57870152
      0.58451735
      0.59038076
      0.59648065
      0.60276290
      0.60886598
      0.61451678
      0.61996727
      0.62586137
      0.63248330
      0.63943265
      0.64592973
      0.65159262
      0.65701306
      0.66341692
      0.67139333
      0.67949291
      0.68471782
      0.68555231
      0.68278336
      0.67901201
      0.67691147
      0.67714227
      0.67903576
      0.68179675
      0.68499452
      0.68848055
      0.69218515
      0.69599588
      0.69968832
      0.70299234
      0.70574965
      0.70794080
      0.70975774
      0.71159573
      0.71377978
      0.71615318
      0.71806186
      0.71863087
      0.71742861
      0.71473599
      0.71111389
      0.70689518
      0.70245241
      0.69874758
      0.69637501
      0.69391144
      0.68888321
      0.68107359
      0.67279327
      0.66611669
      0.66141695
      0.65804325
      0.65531064
      0.65288374
      0.65055966
      0.64806070
      0.64515589
      0.64184006
      0.63835617
      0.63502866
      0.63210901
      0.62974741
      0.62799867
      0.62679458
      0.62589463
      0.62488886
      0.62334993
      0.62102373
      0.61801850
      0.61465180
      0.61124477
      0.60810754
      0.60551253
      0.60341363
      0.60108646
      0.59740384
      0.59171593
      0.58459949
      0.57709058
      0.56972217
      0.56253972
      0.55567740
      0.54938190
      0.54366939
      0.53825969
      0.53284258
      0.52732084
      0.52174475
      0.51612225
      0.51035432
      0.50434617
      0.49814680
      0.49195085
      0.48592563
      0.48006983
      0.47428880
      0.46856153
      0.46299242
      0.45771808
      0.45280960
      0.44822525
      0.44382663
      0.43943900
      0.43490867
      0.43015382
      0.42519803
      0.42019143
      0.41528068
      0.41050842
      0.40585488
      0.40139443
      0.39722171
      0.39305211
      0.38840863
      0.38329682
      0.37807280
      0.37306447
      0.36839554
      0.36403810
      0.35995316
      0.35602538
      0.35208521
      0.34805293
      0.34394789
      0.33984818
      0.33582468
      0.33185844
      0.32786519
      0.32380952
      0.31976862
      0.31588795
      0.31226695
      0.30889616
      0.30569014
      0.30256084
      0.29949342
      0.29651635
      0.29361873
      0.29081864
      0.28831887
      0.28629045
      0.28423134
      0.28121379
      0.27677829
      0.27111306
      0.26484270
      0.25869215
      0.25309977
      0.24814375
      0.24371297
      0.23974888
      0.23625139
      0.23316541
      0.23030983
      0.22741948
      0.22429936
      0.22097183
      0.21762899
      0.21445006
      0.21147177
      0.20862533
      0.20584002
      0.20308799
      0.20034761
      0.19754737
      0.19452933
      0.19114770
      0.18746592
      0.18372042
      0.18015075
      0.17686608
      0.17385005
      0.17104881
      0.16841796
      0.16593874
      0.16361508
      0.16144714
      0.15940751
      0.15745818
      0.15557848
      0.15375813
      0.15197198
      0.15015707
      0.14827301
      0.14628390
      0.14418283
      0.14213980
      0.14025049
      0.13828147
      0.13601158
      0.13350297
      0.13098467
      0.12863627
      0.12651589
      0.12461612
      0.12290077
      0.12127122
      0.11957647
      0.11769317
      0.11562652
      0.11347169
      0.11129389
      0.10906879
      0.10676844
      0.10447507
      0.10226721
      0.10016934
     0.098198822
     0.096374005
     0.094683044
     0.093085759
     0.091551177
     0.090072127
     0.088641536
     0.087239446
     0.085849190
     0.084483252
     0.083172166
     0.081942558
     0.080797404
     0.079720188
     0.078696210
     0.077707648
     0.076726550
     0.075748789
     0.074803004
     0.073905722
     0.073040121
     0.072187118
     0.071329712
     0.070453666
     0.069561382
     0.068671188
     0.067794151
     0.066933676
     0.066090139
     0.065258815
     0.064428057
     0.063591115
     0.062747965
     0.061901649
     0.061053372
     0.060203843
     0.059356899
     0.058520094
     0.057700185
     0.056899121
     0.056114800
     0.055344119
     0.054584546
     0.053834289
     0.053092154
     0.052357221
     0.051628218
     0.050902477
