       12.755630
       12.719380
       12.683177
       12.647059
       12.611033
       12.575099
       12.539258
       12.503508
       12.467851
       12.432286
       12.396812
       12.361430
       12.326139
       12.290938
       12.255828
       12.220808
       12.185879
       12.151039
       12.116288
       12.081627
       12.047056
       12.012573
       11.978178
       11.943873
       11.909658
       11.875534
       11.841505
       11.807577
       11.773761
       11.740075
       11.706545
       11.673205
       11.640097
       11.607261
       11.574730
       11.542510
       11.510576
       11.478855
       11.447215
       11.415448
       11.383271
       11.350340
       11.316319
       11.280937
       11.244014
       11.205408
       11.164889
       11.121997
       11.075961
       11.025757
       10.970433
       10.909724
       10.844746
       10.778236
       10.713772
       10.654288
       10.601219
       10.554727
       10.514333
       10.479300
       10.448814
       10.422038
       10.398163
       10.376490
       10.356447
       10.337615
       10.319700
       10.302504
       10.285898
       10.269815
       10.254251
       10.239242
       10.224868
       10.211216
       10.198369
       10.186391
       10.175283
       10.165000
       10.155452
       10.146531
       10.138134
       10.130220
       10.122812
       10.115993
       10.109861
       10.104463
       10.099749
       10.095613
       10.092036
       10.089192
       10.087375
       10.086800
       10.087092
       10.086882
       10.084308
       10.077818
       10.066785
       10.051498
       10.032940
       10.012256
       9.9903971
       9.9680263
       9.9455132
       9.9229803
       9.9004476
       9.8778961
       9.8553143
       9.8327216
       9.8101511
       9.7876667
       9.7653248
       9.7431942
       9.7213579
       9.6999048
       9.6789252
       9.6585023
       9.6387087
       9.6196015
       9.6012147
       9.5835609
       9.5666308
       9.5503856
       9.5347611
       9.5196697
       9.5049990
       9.4906231
       9.4764012
       9.4621798
       9.4477988
       9.4331027
       9.4179409
       9.4022084
       9.3858389
       9.3688022
       9.3511218
       9.3328569
       9.3141271
       9.2951121
       9.2760515
       9.2572304
       9.2388903
       9.2211485
       9.2039314
       9.1870614
       9.1703660
       9.1537518
       9.1372473
       9.1209329
       9.1048162
       9.0888148
       9.0728305
       9.0567867
       9.0406637
       9.0244757
       9.0082071
       8.9917680
       8.9750446
       8.9579736
       8.9405596
       8.9229060
       8.9051213
       8.8872231
       8.8692031
       8.8510980
       8.8329635
       8.8148375
       8.7967535
       8.7787434
       8.7608611
       8.7431758
       8.7257551
       8.7086528
       8.6919091
       8.6755576
       8.6596204
       8.6441213
       8.6290696
       8.6144742
       8.6003359
       8.5866411
       8.5733621
       8.5604557
       8.5478666
       8.5355314
       8.5233810
       8.5113334
       8.4993185
       8.4872818
       8.4751937
       8.4630551
       8.4509004
       8.4387832
       8.4267306
       8.4146580
       8.4023061
       8.3892721
       8.3751421
       8.3597194
       8.3431369
       8.3257437
       8.3079261
       8.2900199
       8.2722821
       8.2548843
       8.2379435
       8.2215643
       8.2058412
       8.1908405
       8.1765815
       8.1630445
       8.1501775
       8.1378965
       8.1260882
       8.1146253
       8.1033726
       8.0921939
       8.0809597
       8.0695565
       8.0578925
       8.0459025
       8.0335436
       8.0207803
       8.0075786
       7.9938940
       7.9796590
       7.9647945
       7.9492061
       7.9327928
       7.9154556
       7.8971072
       7.8776786
       7.8571256
       7.8354282
       7.8125884
       7.7886229
       7.7635660
       7.7374707
       7.7104171
       7.6825007
       7.6538115
       7.6244202
       7.5943830
       7.5637469
       7.5325554
       7.5008815
       7.4688412
       7.4365708
       7.4042423
       7.3720554
       7.3402197
       7.3089455
       7.2784384
       7.2488795
       7.2204117
       7.1931394
       7.1671320
       7.1424330
       7.1190615
       7.0970166
       7.0762702
       7.0567740
       7.0384543
       7.0212199
       7.0049797
       6.9896364
       6.9750804
       6.9611621
       6.9477179
       6.9346241
       6.9217584
       6.9089942
       6.8962291
       6.8833912
       6.8705474
       6.8577024
       6.8449204
       6.8323005
       6.8199744
       6.8081187
       6.7969527
       6.7867226
       6.7778001
       6.7706870
       6.7658280
       6.7634077
       6.7631360
       6.7642335
       6.7659636
       6.7684036
       6.7715267
       6.7749991
       6.7787207
       6.7827865
       6.7873538
       6.7925585
       6.7985147
       6.8053214
       6.8130669
       6.8218224
       6.8316273
       6.8424668
       6.8542526
       6.8668259
       6.8799474
       6.8933317
       6.9066521
       6.9195624
       6.9317125
       6.9427624
       6.9524387
       6.9606116
       6.9673020
       6.9727145
       6.9771663
       6.9810003
       6.9844621
       6.9876875
       6.9906389
       6.9931950
       6.9952388
       6.9966504
       6.9972476
       6.9966733
       6.9942085
       6.9887612
       6.9793985
       6.9662119
       6.9507197
       6.9347991
       6.9188232
       6.9025112
       6.8852932
       6.8665389
       6.8455931
       6.8221923
       6.7963709
       6.7685594
       6.7390771
       6.7082820
       6.6764402
       6.6434714
       6.6091491
       6.5731840
       6.5353276
       6.4954957
       6.4537708
       6.4102766
       6.3650481
       6.3177932
       6.2678695
       6.2143761
       6.1564522
       6.0934401
       6.0249848
       5.9511486
       5.8725069
       5.7900510
       5.7051731
       5.6196388
       5.5341458
       5.4459927
       5.3488538
       5.2373935
       5.1132098
       4.9818636
       4.8502117
       4.7217375
       4.5966801
       4.4742545
       4.3529904
       4.2299339
       4.1025948
       3.9709175
       3.8379498
       3.7067213
       3.5789814
       3.4556755
       3.3368876
       3.2226004
       3.1131338
       3.0086480
       2.9094778
       2.8156462
       2.7267939
       2.6424658
       2.5626678
       2.4885454
       2.4220936
       2.3643403
       2.3126962
       2.2625785
       2.2122154
       2.1623996
       2.1156412
       2.0743642
       2.0380200
       2.0056698
       1.9781034
       1.9583657
       1.9480405
       1.9442936
       1.9398169
       1.9286153
       1.9121153
       1.8970783
       1.8864705
       1.8782990
       1.8708219
       1.8639156
       1.8582841
       1.8542226
       1.8514603
       1.8496757
       1.8487035
       1.8485082
       1.8490897
       1.8504001
       1.8523546
       1.8548114
       1.8576872
       1.8611208
       1.8654442
       1.8707609
       1.8761609
       1.8792609
       1.8789006
       1.8763150
       1.8727736
       1.8688939
       1.8651692
       1.8621785
       1.8601079
       1.8592757
       1.8599487
       1.8618430
       1.8642977
       1.8670363
       1.8706718
       1.8757914
       1.8822319
       1.8895630
       1.8976847
       1.9069122
       1.9178000
       1.9308889
       1.9467755
       1.9662914
       1.9900340
       2.0185150
       2.0521022
       2.0908255
       2.1345883
       2.1829550
       2.2354907
       2.2915999
       2.3506109
       2.4117515
       2.4741985
       2.5371181
       2.5997716
       2.6614538
       2.7214578
       2.7792014
       2.8342591
       2.8864480
       2.9356639
       2.9815494
       3.0238118
       3.0621748
       3.0964971
       3.1270431
       3.1546346
       3.1786199
       3.1952152
       3.2028426
       3.2015938
       3.1919458
       3.1763268
       3.1585389
       3.1407033
       3.1226512
       3.1034516
       3.0824848
       3.0594643
       3.0340667
       3.0056934
       2.9746673
       2.9419243
       2.9082603
       2.8738938
       2.8385599
       2.8017840
       2.7630269
       2.7219829
       2.6785492
       2.6330089
       2.5857050
       2.5368955
       2.4867938
       2.4355975
       2.3834481
       2.3303883
       2.2765097
       2.2222988
       2.1687393
       2.1169257
       2.0673437
       2.0194006
       1.9716734
       1.9228049
       1.8715022
       1.8180599
       1.7648707
       1.7146613
       1.6694775
       1.6298610
       1.5951208
       1.5642285
       1.5364848
       1.5117163
       1.4899814
       1.4714657
       1.4563310
       1.4447350
       1.4367355
       1.4321983
       1.4304877
       1.4306038
       1.4312143
       1.4303195
       1.4265180
       1.4193964
       1.4099844
       1.4000176
       1.3909100
       1.3830675
       1.3760364
       1.3690994
       1.3615491
       1.3535191
       1.3459810
       1.3397834
       1.3351552
       1.3317210
       1.3288073
       1.3259164
       1.3226585
       1.3196333
       1.3174650
       1.3165347
       1.3170251
       1.3189508
       1.3220085
       1.3252056
       1.3267068
       1.3254223
       1.3202882
       1.3126586
       1.3048143
       1.2981326
       1.2927628
       1.2880128
       1.2827865
       1.2754891
       1.2668737
       1.2577397
       1.2483213
       1.2380636
       1.2268668
       1.2153766
       1.2047606
       1.1954451
       1.1869940
       1.1791272
       1.1721797
       1.1667030
       1.1627180
       1.1596886
       1.1572200
       1.1552909
       1.1540280
       1.1538464
       1.1551133
       1.1580817
       1.1629164
       1.1696687
       1.1784526
       1.1894422
       1.2027657
       1.2184580
       1.2364012
       1.2563953
       1.2781314
       1.3014448
       1.3258418
       1.3507098
       1.3757846
       1.4014532
       1.4278356
       1.4546852
       1.4819774
       1.5096831
       1.5380548
       1.5672783
       1.5972238
       1.6277805
       1.6586545
       1.6891325
       1.7183015
       1.7461113
       1.7731483
       1.7979187
       1.8168129
       1.8267330
       1.8285909
       1.8269202
       1.8259959
       1.8272179
       1.8299809
       1.8332774
       1.8363195
       1.8386847
       1.8405238
       1.8423510
       1.8441645
       1.8444640
       1.8406951
       1.8317920
       1.8193314
       1.8069518
       1.7969393
       1.7892527
       1.7819424
       1.7720764
       1.7567733
       1.7362497
       1.7126081
       1.6871637
       1.6604634
       1.6331582
       1.6059217
       1.5785993
       1.5496326
       1.5174916
       1.4829916
       1.4483876
       1.4156627
       1.3854216
       1.3569078
       1.3291759
       1.3017508
       1.2745169
       1.2474801
       1.2208657
       1.1949332
       1.1694812
       1.1439277
       1.1183526
       1.0939452
       1.0719924
       1.0527730
       1.0357602
       1.0203011
       1.0056712
      0.99132886
      0.97750259
      0.96459037
      0.95284411
      0.94254586
      0.93368294
      0.92623710
      0.92070675
      0.91709561
      0.91411392
      0.91053869
      0.90621001
      0.90144281
      0.89646237
      0.89132516
      0.88614090
      0.88152733
      0.87818666
      0.87659008
      0.87665418
      0.87779152
      0.87898730
      0.87964165
      0.87979568
      0.87988817
      0.88069582
      0.88233370
      0.88297227
      0.87960618
      0.87092528
      0.85916560
      0.84802404
      0.83982437
      0.83421489
      0.82886339
      0.82144373
      0.81047249
      0.79760129
      0.78599822
      0.77748050
      0.77114247
      0.76502819
      0.75921921
      0.75455089
      0.74865267
      0.73796736
      0.72315326
      0.70836136
      0.69668451
      0.68775156
      0.68159578
      0.67710872
      0.67236488
      0.66573779
      0.65711845
      0.64769099
      0.63840247
      0.62966162
      0.62133784
      0.61359787
      0.60684102
      0.60119073
      0.59644563
      0.59229294
      0.58847727
      0.58493598
      0.58173158
      0.57897950
      0.57679273
      0.57511967
      0.57395473
      0.57338538
      0.57338099
      0.57382020
      0.57465653
      0.57600818
      0.57799729
      0.58064446
      0.58382460
      0.58749883
      0.59086266
      0.59227817
      0.59058802
      0.58558918
      0.57875168
      0.57272812
      0.56983403
      0.57050791
      0.57376390
      0.57858317
      0.58411570
      0.59014982
      0.59731419
      0.60641996
      0.61597524
      0.62303452
      0.62600240
      0.62676171
      0.62812916
      0.63097462
      0.63401260
      0.63590695
      0.63672732
      0.63765145
      0.63954879
      0.64227233
      0.64544473
      0.64878179
      0.65214896
      0.65532157
      0.65804560
      0.66021867
      0.66211106
      0.66413284
      0.66644223
      0.66890484
      0.67126617
      0.67339060
      0.67507650
      0.67599671
      0.67603750
      0.67547236
      0.67458424
      0.67347195
      0.67236730
      0.67178086
      0.67189463
      0.67177038
      0.67019591
      0.66606778
      0.65983248
      0.65319352
      0.64738611
      0.64323047
      0.64069388
      0.63867091
      0.63593269
      0.63217544
      0.62754568
      0.62245771
      0.61729338
      0.61171580
      0.60547155
      0.59844612
      0.58994014
      0.57946205
      0.56860218
      0.55920293
      0.55185275
      0.54607323
      0.54099186
      0.53593393
      0.53069188
      0.52547425
      0.52062121
      0.51630098
      0.51247033
      0.50888016
      0.50517738
      0.50109479
      0.49663175
      0.49208819
      0.48779522
      0.48387903
      0.48029795
      0.47695956
      0.47383727
      0.47095191
      0.46830182
      0.46588956
      0.46379021
      0.46197495
      0.46010555
      0.45786305
      0.45588794
      0.45520561
      0.45447128
      0.45012651
      0.44069853
      0.42971828
      0.42030315
      0.41269892
      0.40590895
      0.39950225
      0.39361192
      0.38837542
      0.38392881
      0.38044330
      0.37758168
      0.37401368
      0.36846813
      0.36091401
      0.35274323
      0.34559628
      0.33986347
      0.33522722
      0.33142723
      0.32823333
      0.32538137
      0.32269512
      0.32004276
      0.31727021
      0.31434930
      0.31132588
      0.30792108
      0.30364485
      0.29860396
      0.29361478
      0.28929529
      0.28580755
      0.28303904
      0.28083973
      0.27904755
      0.27726489
      0.27496010
      0.27189523
      0.26844027
      0.26522027
      0.26265423
      0.26072285
      0.25906849
      0.25732597
      0.25544734
      0.25364766
      0.25209893
      0.25064942
      0.24882570
      0.24638393
      0.24365162
      0.24118104
      0.23909276
      0.23717410
      0.23522167
      0.23321115
      0.23125976
      0.22959126
      0.22833887
      0.22707154
      0.22553030
      0.22434041
      0.22350259
      0.22181094
      0.21854173
      0.21416185
      0.20956841
      0.20538973
      0.20195779
      0.19935661
      0.19735144
      0.19554994
      0.19368883
      0.19181468
      0.19006723
      0.18824052
      0.18584803
      0.18273441
      0.17943952
      0.17657644
      0.17429381
      0.17231340
      0.17037348
      0.16846282
      0.16662571
      0.16480168
      0.16280237
      0.16033191
      0.15733228
      0.15429705
      0.15174433
      0.14979749
      0.14828893
      0.14702176
      0.14585941
      0.14471913
      0.14356972
      0.14241595
      0.14127412
      0.14015498
      0.13905966
      0.13798343
      0.13692129
      0.13586591
      0.13480546
      0.13373270
      0.13263842
      0.13150856
      0.13037222
      0.12935040
      0.12851188
      0.12763343
      0.12638178
      0.12471327
      0.12286833
      0.12103519
      0.11930114
      0.11771894
      0.11631618
      0.11503627
      0.11378699
      0.11250404
      0.11120579
      0.11004711
      0.10911284
      0.10825105
      0.10713804
      0.10554512
      0.10347461
      0.10128891
     0.099148310
     0.097030993
     0.095023845
     0.093267118
     0.091822787
     0.090619187
     0.089504029
     0.088357124
     0.087181790
     0.086053630
     0.085025367
     0.084092060
     0.083218739
     0.082368516
     0.081516667
     0.080662945
     0.079829017
     0.079024534
     0.078229522
     0.077416514
     0.076570313
     0.075680959
     0.074747499
     0.073799073
     0.072883369
     0.072030494
     0.071231360
     0.070447608
     0.069642740
     0.068810878
     0.067970939
     0.067141399
     0.066325585
     0.065517079
     0.064700562
     0.063861971
     0.062996915
     0.062114287
     0.061225300
     0.060335567
     0.059448325
     0.058571949
     0.057719094
     0.056897731
     0.056106021
     0.055335813
     0.054579142
     0.053831412
     0.053090818
     0.052356666
     0.051628006
     0.050902386
