       12.755638
       12.719381
       12.683177
       12.647059
       12.611033
       12.575099
       12.539258
       12.503508
       12.467851
       12.432286
       12.396812
       12.361430
       12.326139
       12.290938
       12.255828
       12.220808
       12.185879
       12.151039
       12.116288
       12.081627
       12.047056
       12.012573
       11.978179
       11.943874
       11.909660
       11.875540
       11.841518
       11.807607
       11.773825
       11.740208
       11.706813
       11.673727
       11.641081
       11.609052
       11.577873
       11.547848
       11.519293
       11.492315
       11.466451
       11.440521
       11.413290
       11.382923
       11.348748
       11.311735
       11.271063
       11.227217
       11.180070
       11.129154
       11.074124
       11.014602
       10.950749
       10.883590
       10.815466
       10.749943
       10.690942
       10.641242
       10.601748
       10.571569
       10.548946
       10.532192
       10.520016
       10.511474
       10.505842
       10.502516
       10.500971
       10.500754
       10.501500
       10.502946
       10.504924
       10.507353
       10.510194
       10.513427
       10.517015
       10.520907
       10.525031
       10.529292
       10.533574
       10.537739
       10.541645
       10.545162
       10.548192
       10.550679
       10.552608
       10.554003
       10.554917
       10.555418
       10.555580
       10.555475
       10.555163
       10.554686
       10.554068
       10.553310
       10.552404
       10.551362
       10.550207
       10.548984
       10.547743
       10.546544
       10.545433
       10.544441
       10.543582
       10.542834
       10.542144
       10.541423
       10.540553
       10.539399
       10.537826
       10.535695
       10.532908
       10.529397
       10.525127
       10.520111
       10.514385
       10.508023
       10.501115
       10.493772
       10.486142
       10.478418
       10.470790
       10.463455
       10.456626
       10.450487
       10.445114
       10.440467
       10.436415
       10.432797
       10.429462
       10.426283
       10.423129
       10.419867
       10.416374
       10.412550
       10.408340
       10.403682
       10.398497
       10.392731
       10.386378
       10.379460
       10.372020
       10.364133
       10.355884
       10.347370
       10.338690
       10.329941
       10.321224
       10.312622
       10.304206
       10.296045
       10.288180
       10.280643
       10.273444
       10.266578
       10.260007
       10.253670
       10.247491
       10.241371
       10.235193
       10.228829
       10.222160
       10.215103
       10.207646
       10.199720
       10.191193
       10.182060
       10.172329
       10.162021
       10.151187
       10.139899
       10.128214
       10.116222
       10.103994
       10.091597
       10.079101
       10.066547
       10.053966
       10.041375
       10.028781
       10.016176
       10.003543
       9.9908610
       9.9780986
       9.9652288
       9.9522248
       9.9390575
       9.9256913
       9.9120899
       9.8982135
       9.8840285
       9.8695064
       9.8546220
       9.8393530
       9.8236992
       9.8076511
       9.7912309
       9.7744520
       9.7573580
       9.7399906
       9.7224029
       9.7046566
       9.6868052
       9.6689052
       9.6510018
       9.6331363
       9.6153425
       9.5976345
       9.5800133
       9.5624818
       9.5450231
       9.5276150
       9.5102343
       9.4928510
       9.4754286
       9.4579394
       9.4403402
       9.4226083
       9.4047090
       9.3866181
       9.3683089
       9.3497666
       9.3309666
       9.3119051
       9.2925948
       9.2731181
       9.2536412
       9.2343695
       9.2154207
       9.1966441
       9.1775726
       9.1576010
       9.1362962
       9.1135528
       9.0894855
       9.0642263
       9.0378731
       9.0105244
       8.9820525
       8.9523810
       8.9215557
       8.8896844
       8.8569072
       8.8233894
       8.7893304
       8.7549382
       8.7204114
       8.6859243
       8.6516063
       8.6175672
       8.5838934
       8.5506241
       8.5177769
       8.4853736
       8.4534448
       8.4220250
       8.3911589
       8.3609260
       8.3314128
       8.3027216
       8.2749478
       8.2481865
       8.2225011
       8.1978956
       8.1742878
       8.1515149
       8.1293680
       8.1076974
       8.0864862
       8.0659722
       8.0463552
       8.0275981
       8.0097363
       7.9928399
       7.9769368
       7.9620288
       7.9480924
       7.9350907
       7.9229678
       7.9116625
       7.9011216
       7.8913117
       7.8821648
       7.8735682
       7.8653453
       7.8572384
       7.8489187
       7.8400853
       7.8306527
       7.8208305
       7.8110471
       7.8016500
       7.7927773
       7.7843941
       7.7764656
       7.7689944
       7.7619486
       7.7553989
       7.7494145
       7.7441036
       7.7396018
       7.7362106
       7.7343301
       7.7347880
       7.7385258
       7.7456338
       7.7545166
       7.7630345
       7.7704127
       7.7759083
       7.7789394
       7.7795942
       7.7782366
       7.7752543
       7.7709961
       7.7657158
       7.7595950
       7.7527505
       7.7451857
       7.7367836
       7.7273518
       7.7166578
       7.7044524
       7.6904956
       7.6745797
       7.6565697
       7.6364409
       7.6142033
       7.5897792
       7.5630514
       7.5339962
       7.5027920
       7.4697029
       7.4349860
       7.3988447
       7.3611970
       7.3216359
       7.2795942
       7.2345513
       7.1861796
       7.1343773
       7.0791958
       7.0207689
       6.9593930
       6.8955506
       6.8292168
       6.7587044
       6.6807719
       6.5940301
       6.5013896
       6.4065171
       6.3123911
       6.2197070
       6.1274369
       6.0345119
       5.9404905
       5.8454460
       5.7495934
       5.6529070
       5.5553075
       5.4565753
       5.3564515
       5.2547295
       5.1512681
       5.0459447
       4.9386378
       4.8292516
       4.7177343
       4.6041505
       4.4888803
       4.3729212
       4.2579446
       4.1459947
       4.0390743
       3.9364269
       3.8344084
       3.7272901
       3.6109668
       3.4879146
       3.3629055
       3.2417976
       3.1268176
       3.0168174
       2.9106443
       2.8079373
       2.7088072
       2.6136813
       2.5230379
       2.4377480
       2.3594586
       2.2897739
       2.2283351
       2.1724458
       2.1198690
       2.0700223
       2.0245827
       1.9829166
       1.9419021
       1.9001221
       1.8591297
       1.8211219
       1.7868954
       1.7555656
       1.7262507
       1.6987873
       1.6734153
       1.6504110
       1.6297861
       1.6112873
       1.5946103
       1.5797123
       1.5670221
       1.5570686
       1.5502346
       1.5452386
       1.5389090
       1.5306840
       1.5220697
       1.5142255
       1.5068867
       1.4998241
       1.4930529
       1.4865537
       1.4797837
       1.4720214
       1.4631425
       1.4537470
       1.4441485
       1.4346293
       1.4253647
       1.4166579
       1.4088413
       1.4022533
       1.3970789
       1.3933789
       1.3911142
       1.3901638
       1.3904090
       1.3918030
       1.3940547
       1.3964826
       1.3991426
       1.4030533
       1.4089596
       1.4171110
       1.4276908
       1.4409234
       1.4570247
       1.4762067
       1.4985160
       1.5239151
       1.5523078
       1.5835549
       1.6174674
       1.6537501
       1.6920018
       1.7317486
       1.7725274
       1.8139573
       1.8557438
       1.8976566
       1.9393984
       1.9807850
       2.0217366
       2.0625786
       2.1037826
       2.1457354
       2.1884207
       2.2312758
       2.2733496
       2.3136453
       2.3515755
       2.3870092
       2.4200689
       2.4510639
       2.4803742
       2.5080365
       2.5337780
       2.5575225
       2.5795099
       2.5996724
       2.6164710
       2.6269282
       2.6296831
       2.6254067
       2.6161123
       2.6038725
       2.5887026
       2.5696476
       2.5463596
       2.5190261
       2.4879427
       2.4533676
       2.4156611
       2.3752843
       2.3327324
       2.2884893
       2.2429961
       2.1965962
       2.1495056
       2.1019144
       2.0540783
       2.0063322
       1.9590483
       1.9125450
       1.8670731
       1.8228556
       1.7799775
       1.7384864
       1.6985177
       1.6604599
       1.6249474
       1.5919852
       1.5604983
       1.5289768
       1.4975220
       1.4669217
       1.4383499
       1.4119483
       1.3867736
       1.3617334
       1.3362037
       1.3097646
       1.2820617
       1.2534697
       1.2245359
       1.1964638
       1.1706983
       1.1479759
       1.1282647
       1.1114206
       1.0971565
       1.0849711
       1.0744046
       1.0651562
       1.0569237
       1.0496953
       1.0433952
       1.0373409
       1.0302539
       1.0211800
       1.0096607
      0.99624537
      0.98222283
      0.96909417
      0.95745491
      0.94712226
      0.93780630
      0.92950762
      0.92246983
      0.91674741
      0.91232015
      0.90917275
      0.90724997
      0.90637696
      0.90627417
      0.90668413
      0.90734769
      0.90804643
      0.90872862
      0.90962169
      0.91117691
      0.91384735
      0.91755514
      0.92105652
      0.92293080
      0.92180717
      0.91852418
      0.91553881
      0.91376474
      0.91222162
      0.91033041
      0.90831061
      0.90665913
      0.90567287
      0.90557028
      0.90642101
      0.90825012
      0.91105779
      0.91489115
      0.91980882
      0.92569983
      0.93256934
      0.94051837
      0.94978102
      0.96081898
      0.97439793
      0.99124939
       1.0106655
       1.0305919
       1.0493567
       1.0660543
       1.0828068
       1.1016338
       1.1227800
       1.1456404
       1.1699345
       1.1955936
       1.2216080
       1.2465444
       1.2698247
       1.2920611
       1.3145718
       1.3382685
       1.3634220
       1.3899363
       1.4172524
       1.4445436
       1.4716561
       1.4987939
       1.5250968
       1.5481837
       1.5660478
       1.5782715
       1.5870379
       1.5955101
       1.6053364
       1.6167743
       1.6293807
       1.6419876
       1.6528601
       1.6601415
       1.6627443
       1.6605946
       1.6550533
       1.6476118
       1.6392475
       1.6306547
       1.6223551
       1.6144884
       1.6068720
       1.5992724
       1.5914682
       1.5828954
       1.5730078
       1.5621236
       1.5509714
       1.5394388
       1.5264677
       1.5117560
       1.4949985
       1.4733097
       1.4451818
       1.4141833
       1.3842865
       1.3571453
       1.3325296
       1.3097097
       1.2882309
       1.2681459
       1.2494435
       1.2320582
       1.2152156
       1.1956470
       1.1691532
       1.1357984
       1.1015933
       1.0723923
       1.0493975
       1.0296643
       1.0099807
      0.98819779
      0.96504022
      0.94316543
      0.92418187
      0.90802743
      0.89408756
      0.88173175
      0.87039458
      0.85970288
      0.84950639
      0.83999059
      0.83140671
      0.82364365
      0.81648615
      0.80995176
      0.80415325
      0.79923194
      0.79529159
      0.79236246
      0.79034130
      0.78905319
      0.78783578
      0.78700233
      0.78776683
      0.78922398
      0.78924109
      0.78885356
      0.79034884
      0.79168342
      0.78685095
      0.77333770
      0.75547110
      0.73856909
      0.72453739
      0.71321969
      0.70409458
      0.69661349
      0.69033237
      0.68503212
      0.68062121
      0.67691661
      0.67343049
      0.66964779
      0.66550468
      0.66100659
      0.65511536
      0.64681727
      0.63710039
      0.62918254
      0.62449317
      0.62237902
      0.62153710
      0.62041232
      0.61772091
      0.61327003
      0.60811453
      0.60348344
      0.59987294
      0.59645050
      0.59162119
      0.58465957
      0.57645638
      0.56831667
      0.56092421
      0.55441536
      0.54885900
      0.54430985
      0.54063092
      0.53753377
      0.53469923
      0.53207015
      0.52974422
      0.52788057
      0.52700833
      0.52739928
      0.52851293
      0.52908152
      0.52843313
      0.52746746
      0.52690950
      0.52534692
      0.52109873
      0.51383947
      0.50521547
      0.49798923
      0.49395498
      0.49334842
      0.49529852
      0.49876414
      0.50325444
      0.50878390
      0.51510866
      0.52138152
      0.52704916
      0.53235853
      0.53789271
      0.54389849
      0.55021820
      0.55669631
      0.56336939
      0.57043116
      0.57816087
      0.58644109
      0.59444092
      0.60127683
      0.60690689
      0.61186238
      0.61707991
      0.62288688
      0.62793094
      0.63116416
      0.63332215
      0.63608092
      0.64023036
      0.64559923
      0.65173468
      0.65836385
      0.66503113
      0.67134924
      0.67722692
      0.68285256
      0.68847531
      0.69423335
      0.70012025
      0.70603473
      0.71185424
      0.71749414
      0.72291261
      0.72811096
      0.73307413
      0.73770768
      0.74192792
      0.74581071
      0.74953883
      0.75326776
      0.75696237
      0.76031718
      0.76299146
      0.76479498
      0.76587579
      0.76537050
      0.76131102
      0.75112006
      0.73608648
      0.72134327
      0.70984296
      0.70108401
      0.69362260
      0.68672824
      0.68027775
      0.67426989
      0.66871988
      0.66358245
      0.65872386
      0.65401158
      0.64921647
      0.64365209
      0.63646490
      0.62772774
      0.61847770
      0.60990549
      0.60265625
      0.59666334
      0.59148107
      0.58650118
      0.58109123
      0.57493760
      0.56822188
      0.56135208
      0.55467095
      0.54835774
      0.54242466
      0.53674769
      0.53124191
      0.52604069
      0.52131199
      0.51684513
      0.51184710
      0.50552810
      0.49798424
      0.49039157
      0.48396214
      0.47863311
      0.47294457
      0.46574878
      0.45752249
      0.44984075
      0.44361915
      0.43871650
      0.43457644
      0.43085732
      0.42753581
      0.42464615
      0.42194490
      0.41907306
      0.41586417
      0.41238444
      0.40879463
      0.40521622
      0.40168461
      0.39807780
      0.39411192
      0.38958984
      0.38463527
      0.37969100
      0.37511409
      0.37093464
      0.36703630
      0.36354713
      0.36057395
      0.35790346
      0.35531257
      0.35274267
      0.35008617
      0.34721324
      0.34458823
      0.34263254
      0.33978533
      0.33363565
      0.32435358
      0.31445490
      0.30598203
      0.29956684
      0.29488435
      0.29142932
      0.28871045
      0.28620131
      0.28353860
      0.28070513
      0.27764331
      0.27378586
      0.26872439
      0.26295602
      0.25756286
      0.25314226
      0.24965980
      0.24685173
      0.24452599
      0.24255413
      0.24085495
      0.23928877
      0.23769104
      0.23562116
      0.23284515
      0.22948282
      0.22579545
      0.22210124
      0.21857207
      0.21525519
      0.21225478
      0.20965318
      0.20736533
      0.20521402
      0.20307788
      0.20094706
      0.19888675
      0.19695735
      0.19517847
      0.19353571
      0.19199202
      0.19050919
      0.18909361
      0.18778443
      0.18657801
      0.18542295
      0.18426928
      0.18297762
      0.18137625
      0.17972546
      0.17820123
      0.17626993
      0.17363762
      0.17066009
      0.16764166
      0.16468610
      0.16180435
      0.15918846
      0.15703684
      0.15532239
      0.15387235
      0.15255104
      0.15130253
      0.15009889
      0.14887744
      0.14748604
      0.14576414
      0.14375700
      0.14176042
      0.13998414
      0.13831250
      0.13643425
      0.13424856
      0.13200645
      0.12993193
      0.12798916
      0.12598994
      0.12382661
      0.12162599
      0.11958078
      0.11780185
      0.11627396
      0.11491858
      0.11366715
      0.11247544
      0.11130012
      0.11011180
      0.10891786
      0.10774164
      0.10660010
      0.10548765
      0.10437618
      0.10326816
      0.10221871
      0.10122507
      0.10018187
     0.099003089
     0.097714040
     0.096403436
     0.095139371
     0.093929078
     0.092744221
     0.091560604
     0.090390590
     0.089285489
     0.088298850
     0.087434334
     0.086657118
     0.085923109
     0.085162255
     0.084247915
     0.083032460
     0.081436254
     0.079510292
     0.077483096
     0.075629423
     0.074122823
     0.072959978
     0.072031517
     0.071221431
     0.070474846
     0.069769073
     0.069073232
     0.068368176
     0.067663427
     0.066973945
     0.066293168
     0.065597437
     0.064869458
     0.064107881
     0.063320852
     0.062520052
     0.061715701
     0.060910551
     0.060102559
     0.059291730
     0.058482463
     0.057680449
     0.056889362
     0.056110117
     0.055341946
     0.054583588
     0.053833913
     0.053092063
     0.052357258
     0.051628295
     0.050902555
