       12.755619
       12.719378
       12.683177
       12.647059
       12.611033
       12.575099
       12.539258
       12.503508
       12.467851
       12.432286
       12.396812
       12.361430
       12.326139
       12.290938
       12.255828
       12.220808
       12.185879
       12.151039
       12.116288
       12.081627
       12.047056
       12.012573
       11.978179
       11.943875
       11.909661
       11.875540
       11.841516
       11.807598
       11.773800
       11.740142
       11.706657
       11.673382
       11.640366
       11.607652
       11.575265
       11.543190
       11.511350
       11.479589
       11.447674
       11.415311
       11.382192
       11.348043
       11.312669
       11.275976
       11.237965
       11.198692
       11.158205
       11.116460
       11.073220
       11.027989
       10.980064
       10.928879
       10.874693
       10.819256
       10.765717
       10.717415
       10.676672
       10.644294
       10.619991
       10.602874
       10.591885
       10.585985
       10.584279
       10.586026
       10.590586
       10.597383
       10.605928
       10.615772
       10.626530
       10.637856
       10.649456
       10.661090
       10.672583
       10.683833
       10.694796
       10.705476
       10.715930
       10.726236
       10.736470
       10.746662
       10.756791
       10.766781
       10.776532
       10.785948
       10.794949
       10.803491
       10.811557
       10.819144
       10.826276
       10.833004
       10.839359
       10.845384
       10.851097
       10.856520
       10.861657
       10.866522
       10.871134
       10.875509
       10.879667
       10.883604
       10.887283
       10.890639
       10.893598
       10.896110
       10.898198
       10.899968
       10.901550
       10.903088
       10.904694
       10.906436
       10.908329
       10.910354
       10.912467
       10.914613
       10.916727
       10.918732
       10.920547
       10.922088
       10.923268
       10.924020
       10.924295
       10.924058
       10.923284
       10.921950
       10.920048
       10.917583
       10.914569
       10.911020
       10.906950
       10.902370
       10.897293
       10.891737
       10.885727
       10.879294
       10.872468
       10.865292
       10.857811
       10.850085
       10.842189
       10.834208
       10.826229
       10.818344
       10.810651
       10.803235
       10.796167
       10.789504
       10.783288
       10.777541
       10.772259
       10.767398
       10.762890
       10.758657
       10.754621
       10.750707
       10.746818
       10.742868
       10.738847
       10.734688
       10.730351
       10.725878
       10.721362
       10.716888
       10.712583
       10.708538
       10.704853
       10.701640
       10.699014
       10.697053
       10.695707
       10.694666
       10.693289
       10.690683
       10.685858
       10.677760
       10.665358
       10.647694
       10.624365
       10.597200
       10.567332
       10.536339
       10.505869
       10.476675
       10.448936
       10.422561
       10.397451
       10.373553
       10.350824
       10.329207
       10.308638
       10.289032
       10.270293
       10.252308
       10.234979
       10.218194
       10.201845
       10.185829
       10.170050
       10.154433
       10.138920
       10.123471
       10.108063
       10.092687
       10.077339
       10.062013
       10.046703
       10.031420
       10.016180
       10.000979
       9.9858257
       9.9707322
       9.9556744
       9.9406687
       9.9256848
       9.9107056
       9.8956961
       9.8806099
       9.8653937
       9.8499830
       9.8343105
       9.8182968
       9.8018563
       9.7848962
       9.7673174
       9.7490166
       9.7298788
       9.7097780
       9.6885899
       9.6662094
       9.6425637
       9.6176275
       9.5914355
       9.5640748
       9.5356595
       9.5063529
       9.4763219
       9.4457741
       9.4149597
       9.3841120
       9.3533725
       9.3225861
       9.2912857
       9.2588545
       9.2249512
       9.1896558
       9.1533277
       9.1163326
       9.0789093
       9.0410886
       9.0028525
       8.9641017
       8.9250355
       8.8857486
       8.8464891
       8.8076541
       8.7698217
       8.7332529
       8.6980246
       8.6643558
       8.6323800
       8.6020722
       8.5733907
       8.5462671
       8.5205649
       8.4961068
       8.4726937
       8.4501127
       8.4281667
       8.4066910
       8.3855625
       8.3647014
       8.3440891
       8.3237603
       8.3037974
       8.2843336
       8.2655457
       8.2476189
       8.2306987
       8.2148497
       8.1999629
       8.1856794
       8.1714274
       8.1564538
       8.1400525
       8.1220696
       8.1031086
       8.0841036
       8.0655477
       8.0474873
       8.0300300
       8.0133004
       7.9972140
       7.9817243
       7.9666629
       7.9518802
       7.9372313
       7.9226132
       7.9080738
       7.8936988
       7.8795771
       7.8657886
       7.8524014
       7.8394197
       7.8267912
       7.8143920
       7.8020513
       7.7895970
       7.7769097
       7.7639117
       7.7505768
       7.7369413
       7.7230746
       7.7090588
       7.6949638
       7.6808376
       7.6666982
       7.6525214
       7.6382366
       7.6237159
       7.6087621
       7.5931477
       7.5766161
       7.5588722
       7.5396359
       7.5186589
       7.4957048
       7.4706007
       7.4432483
       7.4136398
       7.3818414
       7.3479713
       7.3121434
       7.2744178
       7.2347705
       7.1931025
       7.1493221
       7.1035219
       7.0562915
       7.0089599
       6.9629927
       6.9181037
       6.8711089
       6.8191264
       6.7606453
       6.6954553
       6.6260531
       6.5547480
       6.4821150
       6.4075107
       6.3295764
       6.2464708
       6.1566550
       6.0599982
       5.9577905
       5.8525638
       5.7461913
       5.6394858
       5.5319790
       5.4226255
       5.3104941
       5.1949400
       5.0763387
       4.9560506
       4.8356126
       4.7162639
       4.5981769
       4.4812192
       4.3653042
       4.2503201
       4.1361729
       4.0228498
       3.9103395
       3.7986677
       3.6879037
       3.5781719
       3.4697057
       3.3628055
       3.2578341
       3.1552460
       3.0554468
       2.9586209
       2.8646892
       2.7731557
       2.6836077
       2.5959520
       2.5103987
       2.4274111
       2.3472490
       2.2698811
       2.1951920
       2.1235206
       2.0556703
       1.9925228
       1.9345600
       1.8819539
       1.8346162
       1.7922641
       1.7544809
       1.7207940
       1.6907902
       1.6646207
       1.6431381
       1.6281172
       1.6193110
       1.6116821
       1.5985304
       1.5769782
       1.5510401
       1.5244126
       1.5008557
       1.4806030
       1.4625121
       1.4461721
       1.4315821
       1.4189252
       1.4082597
       1.3995879
       1.3926156
       1.3868483
       1.3816962
       1.3766436
       1.3715207
       1.3665065
       1.3620666
       1.3586772
       1.3564621
       1.3548941
       1.3527624
       1.3490936
       1.3441430
       1.3389563
       1.3345269
       1.3314470
       1.3301462
       1.3309643
       1.3338841
       1.3384496
       1.3440502
       1.3499829
       1.3558032
       1.3616151
       1.3678852
       1.3751971
       1.3839511
       1.3942371
       1.4058227
       1.4184192
       1.4318108
       1.4462425
       1.4624051
       1.4811267
       1.5030356
       1.5284851
       1.5576487
       1.5905543
       1.6271389
       1.6670287
       1.7096391
       1.7541277
       1.7997437
       1.8457670
       1.8917100
       1.9371822
       1.9818042
       2.0255480
       2.0683452
       2.1098299
       2.1492627
       2.1857844
       2.2189807
       2.2486868
       2.2749166
       2.2978070
       2.3175199
       2.3343312
       2.3486214
       2.3606359
       2.3705285
       2.3783792
       2.3843170
       2.3881482
       2.3894940
       2.3877351
       2.3822165
       2.3725099
       2.3584205
       2.3399837
       2.3176736
       2.2924281
       2.2651887
       2.2365154
       2.2065974
       2.1754169
       2.1428408
       2.1086992
       2.0728306
       2.0350410
       1.9949555
       1.9522342
       1.9070813
       1.8603800
       1.8133180
       1.7670062
       1.7222651
       1.6797333
       1.6398101
       1.6021987
       1.5652759
       1.5272641
       1.4874923
       1.4460814
       1.4040732
       1.3620135
       1.3199132
       1.2784689
       1.2388607
       1.2022326
       1.1690475
       1.1390762
       1.1117665
       1.0866684
       1.0638238
       1.0432651
       1.0243913
       1.0058749
      0.98674750
      0.96716479
      0.94833868
      0.93135263
      0.91655450
      0.90405189
      0.89386781
      0.88588689
      0.87989316
      0.87546954
      0.87217078
      0.86958255
      0.86747332
      0.86585968
      0.86491804
      0.86491532
      0.86607477
      0.86839349
      0.87156296
      0.87511279
      0.87902576
      0.88338077
      0.88807913
      0.89311643
      0.89869886
      0.90522320
      0.91318616
      0.92196978
      0.92789683
      0.92669172
      0.91708336
      0.90174891
      0.88572585
      0.87137740
      0.85860823
      0.84737389
      0.83766158
      0.82908451
      0.82176290
      0.81596855
      0.81127496
      0.80716638
      0.80369633
      0.80109490
      0.79952440
      0.79902937
      0.79959311
      0.80120105
      0.80381270
      0.80734365
      0.81167350
      0.81665573
      0.82215550
      0.82806260
      0.83443588
      0.84155218
      0.84977435
      0.85949906
      0.87099416
      0.88437952
      0.89972720
      0.91706527
      0.93628141
      0.95715526
      0.97922932
       1.0020735
       1.0251663
       1.0482694
       1.0714101
       1.0947826
       1.1186521
       1.1432178
       1.1683277
       1.1937180
       1.2201622
       1.2484909
       1.2745310
       1.2908430
       1.2963428
       1.2953260
       1.2969343
       1.3045130
       1.3171342
       1.3333397
       1.3515629
       1.3701710
       1.3878617
       1.4038968
       1.4183504
       1.4317288
       1.4446712
       1.4574780
       1.4700231
       1.4822828
       1.4939821
       1.5045028
       1.5130388
       1.5191437
       1.5229181
       1.5251831
       1.5271806
       1.5294775
       1.5312484
       1.5311468
       1.5281566
       1.5224815
       1.5150488
       1.5066092
       1.4974910
       1.4880132
       1.4786246
       1.4694161
       1.4589702
       1.4450108
       1.4262503
       1.4026719
       1.3779639
       1.3554266
       1.3355504
       1.3173540
       1.2998536
       1.2819140
       1.2618336
       1.2387494
       1.2129073
       1.1828432
       1.1442512
       1.0985709
       1.0544389
       1.0174370
      0.98735707
      0.96207420
      0.93982805
      0.91967586
      0.90102106
      0.88349776
      0.86691027
      0.85129449
      0.83687308
      0.82378892
      0.81198852
      0.80129058
      0.79151734
      0.78262179
      0.77466085
      0.76764459
      0.76153232
      0.75621753
      0.75198550
      0.74937976
      0.74829910
      0.74807327
      0.74818907
      0.74779698
      0.74511361
      0.73924567
      0.73158526
      0.72515196
      0.71955916
      0.71193823
      0.70218319
      0.69316873
      0.68685050
      0.68277692
      0.67956968
      0.67645398
      0.67288199
      0.66919208
      0.66603275
      0.66363463
      0.66181248
      0.66031802
      0.65876728
      0.65676391
      0.65402902
      0.65058320
      0.64661635
      0.64234916
      0.63831856
      0.63515640
      0.63288638
      0.63030239
      0.62593213
      0.62106291
      0.61795966
      0.61432319
      0.60512183
      0.58962141
      0.57298832
      0.56051601
      0.55305267
      0.54876937
      0.54617916
      0.54467537
      0.54389159
      0.54312622
      0.54135740
      0.53811122
      0.53404325
      0.53005966
      0.52641908
      0.52287143
      0.51918293
      0.51531484
      0.51140787
      0.50774210
      0.50456856
      0.50195044
      0.49972291
      0.49756299
      0.49527371
      0.49255880
      0.48866102
      0.48333568
      0.47735394
      0.47243697
      0.46980078
      0.46941676
      0.47043159
      0.47224398
      0.47524646
      0.47824425
      0.47913758
      0.47912462
      0.48030651
      0.48365033
      0.48886289
      0.49543250
      0.50284430
      0.51083344
      0.51933524
      0.52828722
      0.53763442
      0.54734437
      0.55743244
      0.56793692
      0.57886642
      0.59014413
      0.60162383
      0.61322861
      0.62504273
      0.63723620
      0.64972792
      0.66205913
      0.67398518
      0.68577273
      0.69752405
      0.70790607
      0.71483868
      0.71812211
      0.71937050
      0.72033789
      0.72076491
      0.72027883
      0.71989684
      0.72049770
      0.72201224
      0.72403583
      0.72623945
      0.72836175
      0.73020221
      0.73164662
      0.73265041
      0.73330855
      0.73386265
      0.73455471
      0.73541217
      0.73613552
      0.73617426
      0.73480948
      0.73180339
      0.72802729
      0.72452222
      0.72186956
      0.72017360
      0.71891900
      0.71709956
      0.71387340
      0.70913404
      0.70347470
      0.69763677
      0.69225371
      0.68755989
      0.68349412
      0.67990019
      0.67662077
      0.67361544
      0.67089990
      0.66840391
      0.66590581
      0.66317229
      0.66011912
      0.65654218
      0.65206045
      0.64725267
      0.64296741
      0.63801536
      0.63057108
      0.62085825
      0.61033629
      0.60040376
      0.59187257
      0.58483664
      0.57894704
      0.57382064
      0.56926534
      0.56530606
      0.56190697
      0.55868700
      0.55511418
      0.55094842
      0.54628735
      0.54131585
      0.53607191
      0.53043196
      0.52421182
      0.51732670
      0.50997277
      0.50279822
      0.49656148
      0.49143029
      0.48714039
      0.48336874
      0.47988021
      0.47649362
      0.47300467
      0.46923156
      0.46524265
      0.46136978
      0.45779295
      0.45395787
      0.44919532
      0.44390318
      0.43865090
      0.43247262
      0.42392879
      0.41370780
      0.40400747
      0.39617760
      0.39029205
      0.38551509
      0.38075525
      0.37540275
      0.36964699
      0.36405319
      0.35889193
      0.35410029
      0.34932428
      0.34391462
      0.33758585
      0.33108077
      0.32528933
      0.32048936
      0.31648018
      0.31295156
      0.30970034
      0.30655731
      0.30334846
      0.30001340
      0.29669297
      0.29351800
      0.29040943
      0.28702658
      0.28320508
      0.27905367
      0.27481007
      0.27067031
      0.26673527
      0.26302085
      0.25944580
      0.25598463
      0.25277224
      0.24991948
      0.24736397
      0.24495224
      0.24258039
      0.24024117
      0.23797126
      0.23579721
      0.23373702
      0.23180013
      0.22997943
      0.22826388
      0.22664077
      0.22503505
      0.22335770
      0.22163282
      0.21986436
      0.21791219
      0.21590452
      0.21417804
      0.21207936
      0.20856911
      0.20398201
      0.19941272
      0.19557207
      0.19259233
      0.19026275
      0.18833251
      0.18658411
      0.18487919
      0.18311039
      0.18119381
      0.17911869
      0.17688274
      0.17439451
      0.17158774
      0.16866541
      0.16593897
      0.16351071
      0.16133370
      0.15936963
      0.15764155
      0.15610633
      0.15447102
      0.15240702
      0.14987459
      0.14705444
      0.14423772
      0.14168116
      0.13949714
      0.13763455
      0.13598596
      0.13445780
      0.13298074
      0.13152352
      0.13009461
      0.12870804
      0.12736529
      0.12608582
      0.12489202
      0.12375525
      0.12263891
      0.12154995
      0.12046798
      0.11939326
      0.11842572
      0.11748543
      0.11630802
      0.11478780
      0.11308918
      0.11142213
      0.10986436
      0.10838622
      0.10697603
      0.10567769
      0.10455805
      0.10363201
      0.10280981
      0.10189340
      0.10065103
     0.098958586
     0.096933975
     0.094807162
     0.092665740
     0.090494090
     0.088390151
     0.086552694
     0.085067042
     0.083842629
     0.082740304
     0.081689898
     0.080694142
     0.079775689
     0.078932021
     0.078120858
     0.077284193
     0.076402048
     0.075517176
     0.074681477
     0.073900508
     0.073142227
     0.072389147
     0.071651499
     0.070929953
     0.070222529
     0.069534922
     0.068842561
     0.068078409
     0.067197187
     0.066224330
     0.065229138
     0.064268741
     0.063364145
     0.062506888
     0.061680130
     0.060871965
     0.060074395
     0.059280798
     0.058487343
     0.057694565
     0.056905862
     0.056124624
     0.055352670
     0.054590451
     0.053837727
     0.053093896
     0.052358014
     0.051628559
     0.050902640
