       12.755622
       12.719378
       12.683177
       12.647059
       12.611033
       12.575099
       12.539258
       12.503508
       12.467851
       12.432286
       12.396812
       12.361430
       12.326139
       12.290938
       12.255828
       12.220808
       12.185879
       12.151039
       12.116288
       12.081628
       12.047056
       12.012573
       11.978180
       11.943876
       11.909664
       11.875547
       11.841530
       11.807626
       11.773851
       11.740231
       11.706803
       11.673611
       11.640700
       11.608100
       11.575805
       11.543745
       11.511759
       11.479591
       11.446902
       11.413313
       11.378469
       11.342091
       11.304021
       11.264208
       11.222667
       11.179407
       11.134353
       11.087275
       11.037765
       10.985384
       10.930081
       10.872798
       10.815957
       10.763248
       10.718422
       10.683781
       10.659928
       10.646222
       10.641334
       10.643727
       10.651949
       10.664718
       10.680917
       10.699624
       10.720103
       10.741777
       10.764182
       10.786934
       10.809710
       10.832239
       10.854310
       10.875773
       10.896559
       10.916689
       10.936266
       10.955456
       10.974438
       10.993369
       11.012370
       11.031527
       11.050898
       11.070507
       11.090343
       11.110339
       11.130383
       11.150313
       11.169935
       11.189049
       11.207464
       11.225017
       11.241587
       11.257099
       11.271539
       11.284937
       11.297342
       11.308811
       11.319395
       11.329141
       11.338094
       11.346306
       11.353837
       11.360768
       11.367192
       11.373222
       11.378969
       11.384526
       11.389964
       11.395310
       11.400553
       11.405639
       11.410484
       11.415003
       11.419118
       11.422751
       11.425834
       11.428317
       11.430165
       11.431363
       11.431916
       11.431834
       11.431130
       11.429825
       11.427943
       11.425519
       11.422593
       11.419208
       11.415422
       11.411296
       11.406913
       11.402348
       11.397679
       11.392980
       11.388322
       11.383761
       11.379319
       11.374991
       11.370717
       11.366366
       11.361789
       11.356849
       11.351443
       11.345481
       11.338917
       11.331723
       11.323898
       11.315457
       11.306432
       11.296843
       11.286707
       11.276050
       11.264911
       11.253343
       11.241418
       11.229207
       11.216761
       11.204091
       11.191176
       11.178028
       11.164661
       11.151086
       11.137327
       11.123403
       11.109341
       11.095159
       11.080870
       11.066483
       11.052003
       11.037427
       11.022740
       11.007928
       10.992962
       10.977812
       10.962438
       10.946792
       10.930828
       10.914488
       10.897717
       10.880453
       10.862630
       10.844180
       10.825045
       10.805164
       10.784487
       10.762972
       10.740591
       10.717334
       10.693221
       10.668299
       10.642634
       10.616310
       10.589433
       10.562113
       10.534447
       10.506505
       10.478304
       10.449788
       10.420805
       10.391143
       10.360616
       10.329002
       10.296210
       10.262143
       10.227048
       10.191073
       10.154407
       10.117237
       10.079742
       10.042085
       10.004393
       9.9667531
       9.9292131
       9.8917908
       9.8544847
       9.8172855
       9.7801838
       9.7431711
       9.7062465
       9.6694128
       9.6326646
       9.5960034
       9.5594131
       9.5228595
       9.4863114
       9.4497077
       9.4129835
       9.3760633
       9.3388661
       9.3013062
       9.2632903
       9.2247357
       9.1855729
       9.1457544
       9.1052552
       9.0640903
       9.0222850
       8.9798843
       8.9369536
       8.8935786
       8.8498109
       8.8057544
       8.7615745
       8.7174462
       8.6734854
       8.6296625
       8.5857935
       8.5415928
       8.4967773
       8.4511807
       8.4048198
       8.3578694
       8.3106158
       8.2634093
       8.2166494
       8.1707659
       8.1260983
       8.0826209
       8.0397733
       7.9973003
       7.9551697
       7.9128647
       7.8700356
       7.8265526
       7.7824234
       7.7378108
       7.6929509
       7.6480638
       7.6033322
       7.5588837
       7.5148116
       7.4711928
       7.4280798
       7.3855061
       7.3434953
       7.3020711
       7.2612534
       7.2210619
       7.1815116
       7.1426109
       7.1043578
       7.0667364
       7.0297209
       6.9932743
       6.9573586
       6.9219335
       6.8869650
       6.8524273
       6.8183022
       6.7845797
       6.7512516
       6.7183053
       6.6857307
       6.6534964
       6.6215661
       6.5898888
       6.5584176
       6.5271005
       6.4958712
       6.4646143
       6.4331124
       6.4009861
       6.3677071
       6.3328075
       6.2962527
       6.2586598
       6.2207372
       6.1827235
       6.1447019
       6.1068115
       6.0690182
       6.0312534
       5.9935153
       5.9558016
       5.9181734
       5.8807207
       5.8435765
       5.8068434
       5.7706000
       5.7348758
       5.6996480
       5.6648678
       5.6304587
       5.5963019
       5.5622619
       5.5281749
       5.4938632
       5.4591281
       5.4237662
       5.3875551
       5.3502924
       5.3117812
       5.2718811
       5.2304850
       5.1875061
       5.1429075
       5.0967031
       5.0489608
       4.9998052
       4.9494073
       4.8979562
       4.8456639
       4.7927494
       4.7394610
       4.6860631
       4.6328329
       4.5800241
       4.5279630
       4.4767825
       4.4263595
       4.3760859
       4.3243132
       4.2685551
       4.2077258
       4.1418925
       4.0720638
       3.9998627
       3.9266254
       3.8527880
       3.7781174
       3.7023990
       3.6257055
       3.5485950
       3.4710756
       3.3918412
       3.3086889
       3.2211306
       3.1303346
       3.0385351
       2.9481151
       2.8593091
       2.7714783
       2.6843265
       2.5977532
       2.5117913
       2.4264092
       2.3414548
       2.2567714
       2.1722826
       2.0881050
       2.0044879
       1.9217861
       1.8404527
       1.7609303
       1.6836821
       1.6092318
       1.5381835
       1.4709601
       1.4076551
       1.3481291
       1.2922930
       1.2401959
       1.1919530
       1.1477022
       1.1074559
       1.0710718
       1.0383148
       1.0089053
      0.98277829
      0.96047967
      0.94278001
      0.92986154
      0.91986625
      0.90980660
      0.89813866
      0.88587097
      0.87448919
      0.86416711
      0.85479200
      0.84630668
      0.83867232
      0.83190685
      0.82603570
      0.82093795
      0.81644183
      0.81227321
      0.80821843
      0.80408904
      0.79978251
      0.79531400
      0.79077554
      0.78625989
      0.78181155
      0.77743750
      0.77312945
      0.76892370
      0.76490971
      0.76130895
      0.75835557
      0.75607260
      0.75403787
      0.75173857
      0.74911484
      0.74615522
      0.74312359
      0.74016407
      0.73750147
      0.73535020
      0.73382043
      0.73301767
      0.73299415
      0.73379681
      0.73550595
      0.73826337
      0.74227187
      0.74775207
      0.75481583
      0.76347597
      0.77361684
      0.78514521
      0.79809053
      0.81264004
      0.82909202
      0.84758429
      0.86747537
      0.88777396
      0.90809164
      0.92875981
      0.95042296
      0.97340869
      0.99801914
       1.0236572
       1.0483269
       1.0700925
       1.0887826
       1.1057867
       1.1223727
       1.1388969
       1.1549311
       1.1693707
       1.1813715
       1.1910841
       1.1990709
       1.2060395
       1.2122050
       1.2173852
       1.2213350
       1.2238848
       1.2249446
       1.2244950
       1.2225434
       1.2190913
       1.2141515
       1.2077617
       1.1999594
       1.1907888
       1.1803734
       1.1688483
       1.1563301
       1.1429252
       1.1287260
       1.1137996
       1.0981704
       1.0818753
       1.0649973
       1.0476282
       1.0298503
       1.0117062
      0.99325067
      0.97457238
      0.95578665
      0.93701115
      0.91827519
      0.89958245
      0.88077105
      0.86154956
      0.84182650
      0.82183917
      0.80172624
      0.78094612
      0.75852662
      0.73383578
      0.70743026
      0.68082704
      0.65545087
      0.63200611
      0.61057538
      0.59098601
      0.57303212
      0.55654490
      0.54143546
      0.52767099
      0.51522972
      0.50411740
      0.49439986
      0.48627309
      0.48005793
      0.47582950
      0.47294475
      0.47027139
      0.46735495
      0.46488055
      0.46305773
      0.46179871
      0.46107873
      0.46092746
      0.46120707
      0.46103318
      0.45961890
      0.45661066
      0.45205730
      0.44649621
      0.44053555
      0.43456343
      0.42893341
      0.42403929
      0.42018935
      0.41747593
      0.41578256
      0.41485847
      0.41455785
      0.41470156
      0.41487906
      0.41467929
      0.41387351
      0.41253251
      0.41086705
      0.40897189
      0.40658758
      0.40330292
      0.39910157
      0.39457594
      0.39043579
      0.38711345
      0.38462489
      0.38270956
      0.38105661
      0.37934823
      0.37777770
      0.37661848
      0.37600213
      0.37593029
      0.37636734
      0.37715033
      0.37818508
      0.37963701
      0.38176401
      0.38464298
      0.38824512
      0.39254762
      0.39733236
      0.40247328
      0.40807148
      0.41410503
      0.41974186
      0.42457373
      0.42950277
      0.43593545
      0.44438416
      0.45465217
      0.46628191
      0.47870846
      0.49105424
      0.50250408
      0.51286625
      0.52290633
      0.53363996
      0.54559961
      0.55862552
      0.57231433
      0.58653111
      0.60099789
      0.61547759
      0.63030929
      0.64541031
      0.65993117
      0.67385581
      0.68787768
      0.70089673
      0.71104138
      0.71821500
      0.72411266
      0.73028140
      0.73715441
      0.74437093
      0.75131336
      0.75728874
      0.76180177
      0.76486153
      0.76702443
      0.76888373
      0.76998833
      0.76933863
      0.76598677
      0.76104313
      0.75666646
      0.75365283
      0.75144988
      0.74907945
      0.74600929
      0.74215626
      0.73800318
      0.73418739
      0.73080384
      0.72754114
      0.72378518
      0.71891356
      0.71279297
      0.70582589
      0.69863371
      0.69172152
      0.68521282
      0.67880337
      0.67191853
      0.66408098
      0.65523972
      0.64555365
      0.63506839
      0.62398822
      0.61294523
      0.60279023
      0.59378252
      0.58481213
      0.57410146
      0.56039493
      0.54451452
      0.52870056
      0.51469424
      0.50334241
      0.49445406
      0.48570075
      0.47375187
      0.45917275
      0.44494064
      0.43316224
      0.42410234
      0.41683852
      0.41048290
      0.40472038
      0.39962830
      0.39534697
      0.39184088
      0.38881173
      0.38602104
      0.38330393
      0.38083382
      0.37885461
      0.37728912
      0.37588752
      0.37437528
      0.37262725
      0.37081636
      0.36928089
      0.36833521
      0.36813850
      0.36879130
      0.37023702
      0.37229245
      0.37452740
      0.37618213
      0.37684446
      0.37698914
      0.37715163
      0.37692487
      0.37545353
      0.37215599
      0.36761309
      0.36340905
      0.36035225
      0.35819059
      0.35645601
      0.35489849
      0.35353659
      0.35228086
      0.35105145
      0.35009159
      0.34974902
      0.34966124
      0.34918379
      0.34890653
      0.34952629
      0.34952930
      0.34732396
      0.34340030
      0.33913689
      0.33514108
      0.33188878
      0.33010187
      0.32976517
      0.32870209
      0.32520739
      0.31958810
      0.31452784
      0.31146598
      0.30978926
      0.30807630
      0.30625324
      0.30488530
      0.30402759
      0.30307294
      0.30155327
      0.30003287
      0.29915466
      0.29901160
      0.29919848
      0.29933262
      0.29952284
      0.30024878
      0.30194019
      0.30466055
      0.30827609
      0.31265221
      0.31769553
      0.32332080
      0.32943601
      0.33600438
      0.34306889
      0.35068617
      0.35891784
      0.36782540
      0.37736960
      0.38756096
      0.39838094
      0.40952062
      0.42069425
      0.43192564
      0.44315301
      0.45380792
      0.46336859
      0.47160019
      0.47852698
      0.48485197
      0.49155982
      0.49948579
      0.50836503
      0.51682376
      0.52341372
      0.52804321
      0.53209708
      0.53727036
      0.54413222
      0.55195454
      0.55960150
      0.56641276
      0.57252088
      0.57859344
      0.58519499
      0.59248295
      0.60022686
      0.60802277
      0.61560921
      0.62303455
      0.63034693
      0.63722120
      0.64317794
      0.64812042
      0.65240788
      0.65663217
      0.66100204
      0.66535944
      0.66949188
      0.67333739
      0.67690358
      0.68024565
      0.68345013
      0.68655334
      0.68954228
      0.69253654
      0.69585690
      0.69977569
      0.70399648
      0.70755069
      0.70965914
      0.71040379
      0.71093343
      0.71230988
      0.71431342
      0.71592413
      0.71629317
      0.71552860
      0.71397001
      0.71160502
      0.70844661
      0.70484625
      0.70143635
      0.69835748
      0.69483571
      0.69002491
      0.68386039
      0.67704067
      0.67039469
      0.66437544
      0.65899805
      0.65416950
      0.64985243
      0.64600950
      0.64257989
      0.63949403
      0.63667248
      0.63401472
      0.63138534
      0.62861473
      0.62563502
      0.62257228
      0.61971478
      0.61733842
      0.61539135
      0.61330467
      0.61031985
      0.60600525
      0.60053704
      0.59464996
      0.58940562
      0.58552858
      0.58272281
      0.57968787
      0.57526490
      0.56938724
      0.56295777
      0.55676574
      0.55099846
      0.54550293
      0.54016664
      0.53486721
      0.52936434
      0.52345431
      0.51724337
      0.51123967
      0.50586892
      0.50117453
      0.49694739
      0.49295529
      0.48904875
      0.48514462
      0.48121655
      0.47734071
      0.47364375
      0.47017584
      0.46688536
      0.46368167
      0.46049724
      0.45730780
      0.45413170
      0.45102028
      0.44804336
      0.44528411
      0.44281975
      0.44058669
      0.43818362
      0.43504034
      0.43101305
      0.42630000
      0.42056258
      0.41316854
      0.40445804
      0.39590499
      0.38847838
      0.38224454
      0.37682353
      0.37187027
      0.36720904
      0.36278767
      0.35860481
      0.35459499
      0.35058350
      0.34638132
      0.34189871
      0.33717836
      0.33235580
      0.32757262
      0.32294090
      0.31856809
      0.31452974
      0.31079834
      0.30724521
      0.30366257
      0.29974946
      0.29535079
      0.29068378
      0.28609635
      0.28183404
      0.27792938
      0.27420421
      0.27038969
      0.26637590
      0.26232142
      0.25846184
      0.25490210
      0.25160326
      0.24849019
      0.24553612
      0.24272214
      0.24001525
      0.23737931
      0.23479409
      0.23224519
      0.22972119
      0.22722391
      0.22477335
      0.22242444
      0.22026601
      0.21825589
      0.21608512
      0.21350050
      0.21064222
      0.20771769
      0.20441620
      0.20037981
      0.19577617
      0.19113447
      0.18696777
      0.18349912
      0.18063584
      0.17817646
      0.17592348
      0.17370622
      0.17139242
      0.16888954
      0.16611674
      0.16299565
      0.15956537
      0.15607519
      0.15280450
      0.14988565
      0.14731130
      0.14502037
      0.14293703
      0.14096400
      0.13901027
      0.13703615
      0.13504274
      0.13301387
      0.13087182
      0.12852424
      0.12599496
      0.12346469
      0.12111543
      0.11900701
      0.11709446
      0.11529578
      0.11354499
      0.11180644
      0.11006476
      0.10832655
      0.10660208
      0.10488273
      0.10320173
      0.10162001
      0.10007206
     0.098423471
     0.096626270
     0.094742613
     0.092874312
     0.091106268
     0.089479101
     0.088006061
     0.086685495
     0.085511273
     0.084459514
     0.083475048
     0.082482776
     0.081419797
     0.080289825
     0.079149677
     0.078046257
     0.076970051
     0.075865064
     0.074683270
     0.073441753
     0.072231835
     0.071132472
     0.070131229
     0.069166458
     0.068219031
     0.067321687
     0.066491078
     0.065702946
     0.064923260
     0.064136472
     0.063344239
     0.062547594
     0.061741774
     0.060924622
     0.060102222
     0.059283563
     0.058474473
     0.057676513
     0.056889215
     0.056111915
     0.055344118
     0.054585343
     0.053835055
     0.053092689
     0.052357548
     0.051628408
     0.050902597
