       12.755612
       12.719377
       12.683176
       12.647059
       12.611033
       12.575099
       12.539258
       12.503508
       12.467851
       12.432286
       12.396812
       12.361430
       12.326139
       12.290938
       12.255828
       12.220808
       12.185879
       12.151039
       12.116288
       12.081627
       12.047056
       12.012573
       11.978179
       11.943874
       11.909660
       11.875538
       11.841512
       11.807590
       11.773785
       11.740116
       11.706612
       11.673311
       11.640259
       11.607500
       11.575063
       11.542946
       11.511090
       11.479366
       11.447578
       11.415478
       11.382809
       11.349348
       11.314932
       11.279443
       11.242746
       11.204583
       11.164463
       11.121611
       11.075014
       11.023695
       10.967331
       10.907015
       10.845854
       10.788565
       10.739859
       10.702592
       10.677442
       10.663652
       10.659731
       10.663950
       10.674908
       10.691346
       10.712265
       10.736754
       10.764051
       10.793495
       10.824493
       10.856530
       10.889168
       10.922050
       10.954903
       10.987521
       11.019780
       11.051619
       11.083036
       11.114073
       11.144780
       11.175204
       11.205386
       11.235362
       11.265162
       11.294803
       11.324264
       11.353499
       11.382440
       11.411007
       11.439132
       11.466744
       11.493783
       11.520185
       11.545890
       11.570825
       11.594906
       11.618041
       11.640141
       11.661131
       11.680977
       11.699673
       11.717251
       11.733768
       11.749309
       11.763976
       11.777882
       11.791143
       11.803868
       11.816133
       11.827987
       11.839453
       11.850538
       11.861234
       11.871526
       11.881412
       11.890902
       11.900040
       11.908899
       11.917603
       11.926347
       11.935382
       11.944958
       11.955215
       11.966045
       11.976957
       11.987149
       11.995778
       12.002284
       12.006582
       12.008993
       12.010009
       12.010088
       12.009567
       12.008615
       12.007318
       12.005705
       12.003804
       12.001681
       11.999443
       11.997227
       11.995161
       11.993296
       11.991586
       11.989831
       11.987652
       11.984629
       11.980229
       11.973747
       11.964978
       11.954295
       11.942244
       11.929339
       11.916123
       11.903078
       11.890648
       11.879240
       11.869153
       11.860529
       11.853357
       11.847530
       11.842862
       11.839117
       11.836031
       11.833328
       11.830718
       11.827890
       11.824526
       11.820339
       11.815127
       11.808795
       11.801336
       11.792811
       11.783330
       11.773023
       11.762022
       11.750453
       11.738425
       11.726023
       11.713318
       11.700365
       11.687222
       11.673938
       11.660545
       11.647061
       11.633486
       11.619789
       11.605911
       11.591760
       11.577228
       11.562188
       11.546516
       11.530102
       11.512862
       11.494749
       11.475741
       11.455846
       11.435084
       11.413481
       11.391067
       11.367874
       11.343929
       11.319259
       11.293909
       11.267931
       11.241362
       11.214242
       11.186605
       11.158483
       11.129891
       11.100843
       11.071349
       11.041421
       11.011064
       10.980275
       10.949058
       10.917433
       10.885424
       10.853063
       10.820392
       10.787454
       10.754287
       10.720926
       10.687402
       10.653746
       10.620021
       10.586397
       10.553306
       10.521657
       10.492598
       10.466129
       10.439744
       10.409773
       10.374475
       10.334488
       10.291923
       10.248401
       10.204394
       10.159916
       10.114934
       10.069422
       10.023357
       9.9767119
       9.9294500
       9.8815391
       9.8329825
       9.7838428
       9.7342538
       9.6843871
       9.6344324
       9.5845612
       9.5349247
       9.4856602
       9.4368835
       9.3886770
       9.3410892
       9.2941379
       9.2478234
       9.2021480
       9.1570991
       9.1126014
       9.0684934
       9.0245589
       8.9805917
       8.9364552
       8.8921146
       8.8476257
       8.8030912
       8.7586142
       8.7143165
       8.6704664
       8.6274035
       8.5852449
       8.5439596
       8.5035474
       8.4639505
       8.4250979
       8.3869831
       8.3496128
       8.3130474
       8.2773417
       8.2425402
       8.2086777
       8.1757526
       8.1437378
       8.1126003
       8.0823146
       8.0528478
       8.0241721
       7.9962400
       7.9689898
       7.9423467
       7.9162274
       7.8905419
       7.8652052
       7.8401389
       7.8152709
       7.7905081
       7.7657775
       7.7409582
       7.7159335
       7.6905629
       7.6647230
       7.6383092
       7.6112586
       7.5835895
       7.5554577
       7.5271042
       7.4986585
       7.4696118
       7.4388840
       7.4060457
       7.3716048
       7.3358358
       7.2990241
       7.2615694
       7.2234901
       7.1840385
       7.1420732
       7.0970345
       7.0497708
       7.0025593
       6.9568454
       6.9122920
       6.8688865
       6.8265679
       6.7849229
       6.7438280
       6.7029300
       6.6618447
       6.6203508
       6.5784372
       6.5362899
       6.4940619
       6.4517477
       6.4091430
       6.3660181
       6.3222452
       6.2777828
       6.2325589
       6.1863664
       6.1388396
       6.0894999
       6.0378584
       5.9834901
       5.9260896
       5.8654995
       5.8017324
       5.7349739
       5.6655328
       5.5937710
       5.5200358
       5.4445849
       5.3674914
       5.2887114
       5.2081525
       5.1257185
       5.0414893
       4.9555382
       4.8679494
       4.7786474
       4.6875389
       4.5945936
       4.4998999
       4.4036447
       4.3060284
       4.2071870
       4.1071150
       4.0056910
       3.9028357
       3.7988462
       3.6938717
       3.5870676
       3.4770021
       3.3630666
       3.2461603
       3.1285086
       3.0120644
       2.8971774
       2.7837446
       2.6720884
       2.5629660
       2.4570344
       2.3546679
       2.2560943
       2.1615243
       2.0712032
       1.9853073
       1.9039948
       1.8273541
       1.7554071
       1.6881081
       1.6253781
       1.5670432
       1.5129214
       1.4628279
       1.4165873
       1.3740833
       1.3351439
       1.2996547
       1.2674006
       1.2380187
       1.2112026
       1.1866085
       1.1639340
       1.1429911
       1.1236606
       1.1062943
       1.0919193
       1.0818050
       1.0769977
       1.0760360
       1.0736595
       1.0685613
       1.0633679
       1.0583255
       1.0527480
       1.0469870
       1.0414956
       1.0363868
       1.0318008
       1.0278160
       1.0243916
       1.0214130
       1.0187274
       1.0161658
       1.0136076
       1.0110109
       1.0083817
       1.0058173
       1.0034828
       1.0016267
       1.0006882
       1.0012288
       1.0036895
       1.0082762
       1.0138335
       1.0179797
       1.0181193
       1.0152196
       1.0135217
       1.0128033
       1.0120161
       1.0114970
       1.0117157
       1.0130345
       1.0156893
       1.0198546
       1.0257547
       1.0337249
       1.0439841
       1.0566781
       1.0717531
       1.0889905
       1.1081773
       1.1292193
       1.1519865
       1.1764557
       1.2025910
       1.2302268
       1.2591240
       1.2889879
       1.3194581
       1.3501563
       1.3807362
       1.4108694
       1.4401382
       1.4681098
       1.4943949
       1.5182483
       1.5391847
       1.5571639
       1.5722271
       1.5850464
       1.5965058
       1.6072041
       1.6172814
       1.6264520
       1.6342839
       1.6402552
       1.6437566
       1.6441038
       1.6406138
       1.6341725
       1.6267854
       1.6194624
       1.6121279
       1.6042474
       1.5953863
       1.5853055
       1.5739000
       1.5611284
       1.5469192
       1.5311708
       1.5137855
       1.4946659
       1.4737621
       1.4512299
       1.4274820
       1.4031141
       1.3785702
       1.3538297
       1.3284824
       1.3017148
       1.2731229
       1.2428533
       1.2114486
       1.1793502
       1.1470131
       1.1143344
       1.0811045
       1.0475547
       1.0143268
      0.98190364
      0.95047987
      0.92021199
      0.89147081
      0.86461262
      0.83975850
      0.81681627
      0.79570555
      0.77638118
      0.75877073
      0.74273262
      0.72807685
      0.71465030
      0.70240018
      0.69139561
      0.68171217
      0.67326469
      0.66570505
      0.65852469
      0.65137676
      0.64427834
      0.63740670
      0.63099283
      0.62522637
      0.62004248
      0.61466534
      0.60879265
      0.60204992
      0.59467916
      0.58794546
      0.58251305
      0.57820431
      0.57465889
      0.57177546
      0.56950660
      0.56774576
      0.56636891
      0.56531173
      0.56450499
      0.56391328
      0.56345124
      0.56304019
      0.56263454
      0.56223316
      0.56191559
      0.56169401
      0.56158061
      0.56142876
      0.56088995
      0.56025682
      0.55940925
      0.55686668
      0.55150790
      0.54308004
      0.53245513
      0.52234570
      0.51518566
      0.51177867
      0.51114663
      0.51202923
      0.51317490
      0.51420905
      0.51541954
      0.51737252
      0.52041118
      0.52456163
      0.52974254
      0.53587330
      0.54293445
      0.55096168
      0.56001224
      0.57016900
      0.58146827
      0.59392025
      0.60766490
      0.62262468
      0.63835079
      0.65386578
      0.66836660
      0.68199516
      0.69620545
      0.71196088
      0.72862909
      0.74500179
      0.76094101
      0.77726080
      0.79412626
      0.81128625
      0.82850247
      0.84578316
      0.86323826
      0.88105492
      0.89902871
      0.91630830
      0.93193142
      0.94542608
      0.95704281
      0.96752573
      0.97759364
      0.98770055
      0.99809029
       1.0086871
       1.0192325
       1.0291322
       1.0382467
       1.0470239
       1.0559502
       1.0632566
       1.0659146
       1.0634483
       1.0569774
       1.0489497
       1.0419691
       1.0373166
       1.0346309
       1.0329400
       1.0313753
       1.0295033
       1.0272914
       1.0248914
       1.0224148
       1.0197893
       1.0166534
       1.0125007
       1.0066218
      0.99859240
      0.98850438
      0.97722002
      0.96619413
      0.95607050
      0.94650323
      0.93706931
      0.92742787
      0.91713348
      0.90570236
      0.89278517
      0.87864695
      0.86430519
      0.85014305
      0.83507388
      0.81771265
      0.79776912
      0.77755848
      0.75583500
      0.72810591
      0.69825382
      0.67251967
      0.65317542
      0.63899340
      0.62742156
      0.61678394
      0.60668696
      0.59728765
      0.58880782
      0.58134820
      0.57484084
      0.56899366
      0.56345828
      0.55797111
      0.55247054
      0.54711450
      0.54213840
      0.53771055
      0.53384967
      0.53043261
      0.52736934
      0.52477747
      0.52284692
      0.52145121
      0.52009558
      0.51816002
      0.51528742
      0.51183750
      0.50881756
      0.50703812
      0.50635761
      0.50537069
      0.50284594
      0.49913556
      0.49537682
      0.49209252
      0.48918093
      0.48642829
      0.48393340
      0.48164909
      0.47944540
      0.47801105
      0.47656786
      0.47358357
      0.46986341
      0.46682490
      0.46505885
      0.46443004
      0.46461519
      0.46519460
      0.46588341
      0.46684063
      0.46817865
      0.46952305
      0.47003810
      0.46907350
      0.46667459
      0.46324689
      0.45805484
      0.44943650
      0.43776369
      0.42550288
      0.41597571
      0.40996382
      0.40626780
      0.40369956
      0.40189690
      0.40086188
      0.40021017
      0.39926937
      0.39782657
      0.39635958
      0.39535941
      0.39467476
      0.39360454
      0.39173599
      0.38924907
      0.38646809
      0.38411521
      0.38250289
      0.38137591
      0.38030386
      0.37923478
      0.37883863
      0.37981157
      0.38222543
      0.38577807
      0.39036474
      0.39600851
      0.40240907
      0.40890729
      0.41492358
      0.42042722
      0.42574152
      0.43127314
      0.43692474
      0.44272193
      0.44924641
      0.45676816
      0.46481251
      0.47305656
      0.48169476
      0.49119457
      0.50160682
      0.51270319
      0.52418813
      0.53585354
      0.54757716
      0.55928979
      0.57101777
      0.58296053
      0.59544168
      0.60838746
      0.62100925
      0.63255994
      0.64200175
      0.64907345
      0.65420532
      0.65790236
      0.66065364
      0.66349607
      0.66721417
      0.67124491
      0.67455718
      0.67716792
      0.67999926
      0.68382536
      0.68859947
      0.69404239
      0.70013034
      0.70676400
      0.71322936
      0.71855251
      0.72216692
      0.72436034
      0.72592612
      0.72761364
      0.72989870
      0.73273500
      0.73536992
      0.73695344
      0.73726798
      0.73696170
      0.73699881
      0.73779485
      0.73918844
      0.74086989
      0.74261060
      0.74430452
      0.74586310
      0.74715298
      0.74816457
      0.74923218
      0.75095179
      0.75356382
      0.75621516
      0.75769025
      0.75765924
      0.75639381
      0.75383610
      0.74934863
      0.74314784
      0.73647046
      0.73011480
      0.72322548
      0.71387264
      0.70204547
      0.69031742
      0.68096374
      0.67432067
      0.66939915
      0.66513620
      0.66093977
      0.65674150
      0.65273723
      0.64900520
      0.64526596
      0.64091053
      0.63511245
      0.62735864
      0.61811855
      0.60859965
      0.59988417
      0.59247650
      0.58632124
      0.58100580
      0.57607679
      0.57124758
      0.56641062
      0.56163297
      0.55705680
      0.55284693
      0.54911756
      0.54574351
      0.54218312
      0.53786489
      0.53271859
      0.52701921
      0.52088218
      0.51423937
      0.50727649
      0.50045559
      0.49397557
      0.48745515
      0.48038652
      0.47291204
      0.46587707
      0.45989464
      0.45493322
      0.45063265
      0.44666509
      0.44283599
      0.43904491
      0.43525889
      0.43148804
      0.42769249
      0.42363801
      0.41903022
      0.41380450
      0.40832347
      0.40314004
      0.39854092
      0.39448412
      0.39073759
      0.38706789
      0.38340440
      0.37985285
      0.37651486
      0.37333385
      0.37018893
      0.36708122
      0.36368911
      0.35902723
      0.35245788
      0.34482111
      0.33754237
      0.33140315
      0.32632956
      0.32185988
      0.31765450
      0.31359549
      0.30965146
      0.30570523
      0.30149924
      0.29676002
      0.29145266
      0.28595137
      0.28080638
      0.27637670
      0.27267297
      0.26944795
      0.26634347
      0.26311252
      0.25964117
      0.25584039
      0.25171577
      0.24747423
      0.24335953
      0.23932655
      0.23534356
      0.23147446
      0.22784004
      0.22452542
      0.22151551
      0.21871032
      0.21600942
      0.21337093
      0.21078282
      0.20824655
      0.20578140
      0.20340776
      0.20113605
      0.19897906
      0.19696023
      0.19510641
      0.19340111
      0.19174745
      0.19003348
      0.18822483
      0.18632886
      0.18425516
      0.18201125
      0.17987381
      0.17767004
      0.17504225
      0.17206206
      0.16909032
      0.16644921
      0.16418918
      0.16198423
      0.15939042
      0.15619240
      0.15265860
      0.14934015
      0.14654321
      0.14421270
      0.14217393
      0.14027065
      0.13835288
      0.13631598
      0.13410622
      0.13180846
      0.12959237
      0.12757435
      0.12574869
      0.12401000
      0.12225776
      0.12046581
      0.11865773
      0.11684556
      0.11498221
      0.11300769
      0.11095761
      0.10896567
      0.10714367
      0.10551416
      0.10403711
      0.10267023
      0.10139446
      0.10017565
     0.098951347
     0.097709902
     0.096471251
     0.095220253
     0.093995220
     0.092830410
     0.091645108
     0.090341978
     0.088905574
     0.087411783
     0.085971811
     0.084652307
     0.083442952
     0.082309504
     0.081259175
     0.080327508
     0.079511344
     0.078750091
     0.077977923
     0.077153645
     0.076240827
     0.075214400
     0.074093598
     0.072921889
     0.071738223
     0.070578564
     0.069457773
     0.068393192
     0.067402497
     0.066485509
     0.065631294
     0.064822764
     0.064039128
     0.063261309
     0.062478444
     0.061687835
     0.060890143
     0.060087281
     0.059282202
     0.058478871
     0.057681239
     0.056892188
     0.056113110
     0.055344177
     0.054584888
     0.053834503
     0.053092243
     0.052357257
     0.051628238
     0.050902489
