       12.755638
       12.719381
       12.683177
       12.647059
       12.611033
       12.575099
       12.539258
       12.503508
       12.467851
       12.432286
       12.396812
       12.361430
       12.326139
       12.290938
       12.255828
       12.220808
       12.185879
       12.151039
       12.116288
       12.081628
       12.047056
       12.012573
       11.978180
       11.943878
       11.909668
       11.875555
       11.841548
       11.807661
       11.773918
       11.740355
       11.707021
       11.673978
       11.641291
       11.609008
       11.577132
       11.545585
       11.514172
       11.482570
       11.450349
       11.417021
       11.382121
       11.345276
       11.306248
       11.264915
       11.221211
       11.175038
       11.126207
       11.074435
       11.019463
       10.961342
       10.900896
       10.840138
       10.782282
       10.731090
       10.689571
       10.658885
       10.638682
       10.627783
       10.624777
       10.628465
       10.637885
       10.652156
       10.670382
       10.691656
       10.715078
       10.739839
       10.765229
       10.790693
       10.815832
       10.840415
       10.864329
       10.887571
       10.910211
       10.932391
       10.954297
       10.976146
       10.998182
       11.020640
       11.043731
       11.067601
       11.092289
       11.117718
       11.143681
       11.169870
       11.195948
       11.221594
       11.246530
       11.270549
       11.293501
       11.315296
       11.335890
       11.355272
       11.373468
       11.390532
       11.406542
       11.421592
       11.435787
       11.449228
       11.462020
       11.474273
       11.486079
       11.497518
       11.508650
       11.519458
       11.529913
       11.539997
       11.549647
       11.558804
       11.567416
       11.575441
       11.582871
       11.589714
       11.596011
       11.601820
       11.607217
       11.612272
       11.617060
       11.621641
       11.626082
       11.630432
       11.634724
       11.638973
       11.643177
       11.647318
       11.651350
       11.655225
       11.658875
       11.662224
       11.665184
       11.667662
       11.669573
       11.670846
       11.671423
       11.671262
       11.670340
       11.668614
       11.666122
       11.662954
       11.659174
       11.654850
       11.650024
       11.644739
       11.638990
       11.632790
       11.626284
       11.619588
       11.612700
       11.605583
       11.598220
       11.590653
       11.582971
       11.575296
       11.567756
       11.560458
       11.553484
       11.546880
       11.540662
       11.534803
       11.529260
       11.523965
       11.518836
       11.513795
       11.508805
       11.503925
       11.499087
       11.494175
       11.489178
       11.484059
       11.478771
       11.473273
       11.467500
       11.461387
       11.454855
       11.447790
       11.440065
       11.431527
       11.422018
       11.411417
       11.399649
       11.386712
       11.372659
       11.357586
       11.341604
       11.324814
       11.307308
       11.289160
       11.270444
       11.251214
       11.231527
       11.211431
       11.190965
       11.170155
       11.149017
       11.127552
       11.105758
       11.083631
       11.061165
       11.038369
       11.015247
       10.991807
       10.968090
       10.944126
       10.919945
       10.895588
       10.871085
       10.846457
       10.821718
       10.796876
       10.771935
       10.746888
       10.721715
       10.696400
       10.670905
       10.645183
       10.619201
       10.592897
       10.566211
       10.539067
       10.511386
       10.483092
       10.454122
       10.424425
       10.393965
       10.362720
       10.330671
       10.297808
       10.264135
       10.229671
       10.194459
       10.158580
       10.122203
       10.085605
       10.049200
       10.013416
       9.9784137
       9.9438163
       9.9086901
       9.8720495
       9.8334347
       9.7931507
       9.7520755
       9.7112768
       9.6716881
       9.6338768
       9.5978024
       9.5626691
       9.5274924
       9.4924955
       9.4574383
       9.4220199
       9.3862991
       9.3504262
       9.3145602
       9.2788568
       9.2434289
       9.2083426
       9.1736401
       9.1393624
       9.1055612
       9.0723071
       9.0396822
       9.0077597
       8.9765572
       8.9459933
       8.9158694
       8.8859191
       8.8558871
       8.8255839
       8.7949178
       8.7638675
       8.7324527
       8.7007192
       8.6687212
       8.6365204
       8.6041501
       8.5715597
       8.5385757
       8.5049266
       8.4703060
       8.4345197
       8.3976514
       8.3603843
       8.3232880
       8.2867835
       8.2515065
       8.2178891
       8.1861791
       8.1564116
       8.1284730
       8.1020384
       8.0765678
       8.0514143
       8.0261688
       8.0009625
       7.9763645
       7.9528929
       7.9306179
       7.9093769
       7.8890984
       7.8695346
       7.8504736
       7.8316975
       7.8129595
       7.7941154
       7.7751276
       7.7559153
       7.7364023
       7.7164164
       7.6957112
       7.6740122
       7.6511013
       7.6268710
       7.6013275
       7.5745614
       7.5466827
       7.5177682
       7.4878521
       7.4569011
       7.4248813
       7.3918132
       7.3579293
       7.3239046
       7.2909883
       7.2603451
       7.2315850
       7.2020764
       7.1692843
       7.1327727
       7.0927443
       7.0509753
       7.0090108
       6.9671305
       6.9248306
       6.8814177
       6.8363338
       6.7893643
       6.7406726
       6.6907716
       6.6402259
       6.5894617
       6.5379426
       6.4835439
       6.4239318
       6.3588273
       6.2894730
       6.2179470
       6.1452810
       6.0715288
       5.9965670
       5.9203069
       5.8425486
       5.7630792
       5.6820001
       5.6001700
       5.5192668
       5.4405319
       5.3626681
       5.2807971
       5.1882342
       5.0834499
       4.9687698
       4.8488566
       4.7278508
       4.6057490
       4.4815847
       4.3553216
       4.2277326
       4.0997965
       3.9722052
       3.8452805
       3.7190996
       3.5937152
       3.4692865
       3.3461234
       3.2245627
       3.1048840
       2.9873037
       2.8720050
       2.7592250
       2.6492788
       2.5425538
       2.4394491
       2.3402643
       2.2452731
       2.1546745
       2.0687077
       1.9875420
       1.9113556
       1.8402273
       1.7741436
       1.7129637
       1.6564558
       1.6042925
       1.5561385
       1.5117005
       1.4708470
       1.4342350
       1.4036968
       1.3807835
       1.3644597
       1.3498749
       1.3335180
       1.3149756
       1.2979944
       1.2845815
       1.2727552
       1.2620025
       1.2528154
       1.2448048
       1.2376575
       1.2317274
       1.2274554
       1.2250546
       1.2242868
       1.2241080
       1.2231015
       1.2209173
       1.2176708
       1.2136717
       1.2093458
       1.2049076
       1.2004229
       1.1959139
       1.1913342
       1.1866052
       1.1816568
       1.1764936
       1.1712874
       1.1663501
       1.1620054
       1.1584082
       1.1554648
       1.1530413
       1.1512511
       1.1503469
       1.1503071
       1.1506042
       1.1513932
       1.1528639
       1.1553197
       1.1589834
       1.1643414
       1.1715345
       1.1807431
       1.1921308
       1.2058191
       1.2218612
       1.2403390
       1.2613044
       1.2847024
       1.3104633
       1.3384185
       1.3684083
       1.4001782
       1.4332360
       1.4670739
       1.5011477
       1.5349878
       1.5683387
       1.6009868
       1.6325473
       1.6628238
       1.6919349
       1.7201362
       1.7475896
       1.7742259
       1.7998219
       1.8243049
       1.8476852
       1.8700535
       1.8913778
       1.9113945
       1.9296881
       1.9457810
       1.9593198
       1.9702366
       1.9788072
       1.9854740
       1.9906170
       1.9943056
       1.9963588
       1.9963679
       1.9938435
       1.9882309
       1.9792068
       1.9668829
       1.9517624
       1.9343896
       1.9150521
       1.8939501
       1.8713138
       1.8472493
       1.8216126
       1.7940219
       1.7640136
       1.7310634
       1.6949870
       1.6559923
       1.6148240
       1.5726219
       1.5305713
       1.4895703
       1.4500497
       1.4120083
       1.3752160
       1.3394832
       1.3048000
       1.2712476
       1.2385645
       1.2059989
       1.1725945
       1.1381267
       1.1036626
       1.0706283
       1.0399190
       1.0117010
      0.98569815
      0.96159461
      0.93920936
      0.91857017
      0.89976615
      0.88272167
      0.86699235
      0.85199040
      0.83735684
      0.82317755
      0.81001600
      0.79814231
      0.78751996
      0.77798530
      0.76942840
      0.76185662
      0.75528537
      0.74972165
      0.74516724
      0.74161822
      0.73902160
      0.73726558
      0.73619894
      0.73572121
      0.73574461
      0.73609625
      0.73638054
      0.73595247
      0.73436283
      0.73152126
      0.72770202
      0.72335522
      0.71873717
      0.71394284
      0.70910423
      0.70444280
      0.70023990
      0.69670963
      0.69396300
      0.69199796
      0.69065782
      0.68953147
      0.68830949
      0.68710001
      0.68626189
      0.68584781
      0.68553779
      0.68494010
      0.68400539
      0.68306657
      0.68245191
      0.68200459
      0.68116504
      0.67945380
      0.67713317
      0.67498120
      0.67366802
      0.67243877
      0.66988050
      0.66497593
      0.65913761
      0.65553378
      0.65593379
      0.65986717
      0.66619025
      0.67417402
      0.68347620
      0.69407313
      0.70613684
      0.71977856
      0.73502690
      0.75172454
      0.76962821
      0.78851936
      0.80826372
      0.82878703
      0.85013172
      0.87240714
      0.89563167
      0.91972962
      0.94449548
      0.96965362
      0.99513614
       1.0209530
       1.0471768
       1.0741803
       1.1027718
       1.1331117
       1.1628658
       1.1881555
       1.2069878
       1.2189739
       1.2264926
       1.2333955
       1.2408293
       1.2488760
       1.2573696
       1.2665843
       1.2764900
       1.2864775
       1.2954505
       1.3025781
       1.3076864
       1.3110013
       1.3128332
       1.3134061
       1.3128703
       1.3113716
       1.3090255
       1.3059214
       1.3021264
       1.2975576
       1.2920763
       1.2855208
       1.2776603
       1.2684106
       1.2579317
       1.2464024
       1.2338206
       1.2197909
       1.2037743
       1.1850587
       1.1626392
       1.1364973
       1.1083107
       1.0814686
       1.0581737
       1.0385005
       1.0213211
       1.0053515
      0.98991361
      0.97479691
      0.96005844
      0.94578305
      0.93160539
      0.91702064
      0.90171850
      0.88586288
      0.87011780
      0.85520246
      0.84092029
      0.82668924
      0.81380585
      0.80346054
      0.79282548
      0.77945135
      0.76454548
      0.74972020
      0.73540486
      0.72156845
      0.70867085
      0.69725468
      0.68728333
      0.67845595
      0.67073952
      0.66426285
      0.65909177
      0.65489617
      0.65133520
      0.64785297
      0.64357107
      0.63761460
      0.62968512
      0.62019555
      0.61033895
      0.60145295
      0.59429324
      0.58884310
      0.58460262
      0.58113004
      0.57816518
      0.57558441
      0.57332411
      0.57130736
      0.56950653
      0.56803793
      0.56705502
      0.56663387
      0.56677268
      0.56713394
      0.56716424
      0.56691930
      0.56755455
      0.56843094
      0.56723306
      0.56312270
      0.55711620
      0.55163735
      0.54822371
      0.54601099
      0.54276173
      0.53716629
      0.52977948
      0.52169328
      0.51383210
      0.50653356
      0.49977252
      0.49354078
      0.48791491
      0.48290315
      0.47841590
      0.47431769
      0.47034814
      0.46634984
      0.46234903
      0.45862861
      0.45546812
      0.45291439
      0.45094218
      0.44960588
      0.44885349
      0.44832150
      0.44742379
      0.44573247
      0.44312132
      0.44006372
      0.43751479
      0.43565523
      0.43378270
      0.43186108
      0.43012415
      0.42884039
      0.42826037
      0.42859188
      0.42998053
      0.43241551
      0.43582385
      0.44012167
      0.44527563
      0.45125571
      0.45798985
      0.46533724
      0.47316994
      0.48150889
      0.49056860
      0.50058891
      0.51153208
      0.52299794
      0.53467839
      0.54688440
      0.56021651
      0.57457312
      0.58879280
      0.60071168
      0.60841876
      0.61193068
      0.61409974
      0.61753534
      0.62304696
      0.62941712
      0.63550299
      0.64108781
      0.64639337
      0.65170561
      0.65711931
      0.66249759
      0.66774861
      0.67302016
      0.67846068
      0.68381248
      0.68838163
      0.69165784
      0.69419864
      0.69710674
      0.70097015
      0.70576466
      0.71117937
      0.71698503
      0.72294213
      0.72850756
      0.73291058
      0.73556678
      0.73661787
      0.73680213
      0.73662812
      0.73653076
      0.73671821
      0.73725676
      0.73792518
      0.73837313
      0.73857332
      0.73879813
      0.73930513
      0.74005388
      0.74066820
      0.74068645
      0.73994190
      0.73881411
      0.73786917
      0.73731418
      0.73685846
      0.73614572
      0.73494648
      0.73184859
      0.72494304
      0.71475646
      0.70432398
      0.69588584
      0.68959149
      0.68463528
      0.68044897
      0.67703098
      0.67433930
      0.67181428
      0.66872854
      0.66465623
      0.65952898
      0.65356740
      0.64717636
      0.64092594
      0.63535603
      0.63031713
      0.62510535
      0.61924716
      0.61302720
      0.60714129
      0.60203315
      0.59767568
      0.59380089
      0.59012880
      0.58647066
      0.58277600
      0.57908918
      0.57546079
      0.57190931
      0.56853464
      0.56570720
      0.56370700
      0.56200491
      0.55910028
      0.55332232
      0.54444496
      0.53373775
      0.52317524
      0.51350858
      0.50424654
      0.49497071
      0.48598548
      0.47764813
      0.47010966
      0.46351581
      0.45794314
      0.45304719
      0.44822504
      0.44298724
      0.43703249
      0.43021717
      0.42268286
      0.41500126
      0.40786201
      0.40159560
      0.39613125
      0.39121332
      0.38666014
      0.38243677
      0.37854738
      0.37489875
      0.37121936
      0.36712659
      0.36235875
      0.35702695
      0.35144085
      0.34588167
      0.34050325
      0.33534490
      0.33043248
      0.32579264
      0.32142693
      0.31727582
      0.31323785
      0.30929388
      0.30554865
      0.30209965
      0.29897315
      0.29615164
      0.29359915
      0.29120225
      0.28876183
      0.28613235
      0.28326115
      0.28010593
      0.27668737
      0.27316761
      0.26979030
      0.26670201
      0.26381504
      0.26092048
      0.25795992
      0.25506686
      0.25225384
      0.24952537
      0.24725703
      0.24527535
      0.24243834
      0.23816948
      0.23304272
      0.22799452
      0.22364297
      0.22003303
      0.21695680
      0.21422220
      0.21174090
      0.20944354
      0.20721260
      0.20487676
      0.20224582
      0.19920295
      0.19583851
      0.19246932
      0.18944042
      0.18685557
      0.18456247
      0.18237162
      0.18021417
      0.17798599
      0.17544579
      0.17232078
      0.16874288
      0.16517850
      0.16203561
      0.15944328
      0.15730640
      0.15545370
      0.15373671
      0.15206799
      0.15041144
      0.14876870
      0.14715442
      0.14557183
      0.14400391
      0.14243960
      0.14090789
      0.13944260
      0.13806181
      0.13680013
      0.13564529
      0.13450502
      0.13333830
      0.13216817
      0.13089116
      0.12929695
      0.12736779
      0.12532385
      0.12335615
      0.12149782
      0.11974378
      0.11817041
      0.11687422
      0.11582667
      0.11480535
      0.11349775
      0.11167200
      0.10937062
      0.10700101
      0.10494572
      0.10315568
      0.10136071
     0.099411280
     0.097417934
     0.095580929
     0.093985155
     0.092571178
     0.091231213
     0.089906172
     0.088597449
     0.087332102
     0.086118864
     0.084946882
     0.083813417
     0.082731932
     0.081715672
     0.080751874
     0.079807253
     0.078865204
     0.077935851
     0.077031473
     0.076154627
     0.075309205
     0.074506650
     0.073743006
     0.072973466
     0.072146230
     0.071251579
     0.070326008
     0.069410231
     0.068519955
     0.067649725
     0.066793908
     0.065957775
     0.065149470
     0.064363224
     0.063579056
     0.062777987
     0.061955080
     0.061114922
     0.060263211
     0.059406956
     0.058557305
     0.057725111
     0.056914648
     0.056123837
     0.055348782
     0.054586451
     0.053834755
     0.053092088
     0.052357068
     0.051628109
     0.050902406
