   2.4079848e+14
   2.4159963e+14
   2.4240343e+14
   2.4320990e+14
   2.4401905e+14
   2.4483092e+14
   2.4564546e+14
   2.4646274e+14
   2.4728271e+14
   2.4810542e+14
   2.4893085e+14
   2.4975906e+14
   2.5059002e+14
   2.5142372e+14
   2.5226023e+14
   2.5309948e+14
   2.5394156e+14
   2.5478642e+14
   2.5563409e+14
   2.5648458e+14
   2.5733791e+14
   2.5819407e+14
   2.5905310e+14
   2.5991495e+14
   2.6077970e+14
   2.6164730e+14
   2.6251780e+14
   2.6339121e+14
   2.6426751e+14
   2.6514673e+14
   2.6602887e+14
   2.6691396e+14
   2.6780199e+14
   2.6869294e+14
   2.6958690e+14
   2.7048380e+14
   2.7138371e+14
   2.7228662e+14
   2.7319253e+14
   2.7410142e+14
   2.7501337e+14
   2.7592833e+14
   2.7684634e+14
   2.7776742e+14
   2.7869156e+14
   2.7961876e+14
   2.8054905e+14
   2.8148243e+14
   2.8241893e+14
   2.8335855e+14
   2.8430128e+14
   2.8524716e+14
   2.8619617e+14
   2.8714834e+14
   2.8810369e+14
   2.8906219e+14
   2.9002393e+14
   2.9098884e+14
   2.9195695e+14
   2.9292830e+14
   2.9390285e+14
   2.9488069e+14
   2.9586176e+14
   2.9684607e+14
   2.9783369e+14
   2.9882458e+14
   2.9981878e+14
   3.0081628e+14
   3.0181706e+14
   3.0282123e+14
   3.0382874e+14
   3.0483956e+14
   3.0585377e+14
   3.0687135e+14
   3.0789230e+14
   3.0891666e+14
   3.0994440e+14
   3.1097560e+14
   3.1201023e+14
   3.1304830e+14
   3.1408982e+14
   3.1513478e+14
   3.1618323e+14
   3.1723520e+14
   3.1829063e+14
   3.1934956e+14
   3.2041203e+14
   3.2147804e+14
   3.2254761e+14
   3.2362075e+14
   3.2469744e+14
   3.2577770e+14
   3.2686157e+14
   3.2794905e+14
   3.2904013e+14
   3.3013484e+14
   3.3123322e+14
   3.3233522e+14
   3.3344090e+14
   3.3455026e+14
   3.3566328e+14
   3.3678005e+14
   3.3790054e+14
   3.3902470e+14
   3.4015268e+14
   3.4128433e+14
   3.4241982e+14
   3.4355905e+14
   3.4470205e+14
   3.4584889e+14
   3.4699951e+14
   3.4815399e+14
   3.4931231e+14
   3.5047445e+14
   3.5164049e+14
   3.5281042e+14
   3.5398421e+14
   3.5516192e+14
   3.5634356e+14
   3.5752911e+14
   3.5871861e+14
   3.5991205e+14
   3.6110948e+14
   3.6231091e+14
   3.6351631e+14
   3.6472572e+14
   3.6593917e+14
   3.6715665e+14
   3.6837819e+14
   3.6960380e+14
   3.7083346e+14
   3.7206719e+14
   3.7330510e+14
   3.7454707e+14
   3.7579319e+14
   3.7704346e+14
   3.7829787e+14
   3.7955647e+14
   3.8081926e+14
   3.8208624e+14
   3.8335745e+14
   3.8463289e+14
   3.8591254e+14
   3.8719651e+14
   3.8848472e+14
   3.8977718e+14
   3.9107397e+14
   3.9237511e+14
   3.9368051e+14
   3.9499028e+14
   3.9630444e+14
   3.9762294e+14
   3.9894585e+14
   4.0027313e+14
   4.0160482e+14
   4.0294098e+14
   4.0428157e+14
   4.0562662e+14
   4.0697611e+14
   4.0833012e+14
   4.0968864e+14
   4.1105169e+14
   4.1241926e+14
   4.1379141e+14
   4.1516808e+14
   4.1654935e+14
   4.1793520e+14
   4.1932569e+14
   4.2072075e+14
   4.2212050e+14
   4.2352492e+14
   4.2493398e+14
   4.2634775e+14
   4.2776619e+14
   4.2918938e+14
   4.3061728e+14
   4.3204994e+14
   4.3348738e+14
   4.3492959e+14
   4.3637661e+14
   4.3782841e+14
   4.3928507e+14
   4.4074659e+14
   4.4221298e+14
   4.4368423e+14
   4.4516032e+14
   4.4664142e+14
   4.4812740e+14
   4.4961831e+14
   4.5111420e+14
   4.5261503e+14
   4.5412087e+14
   4.5563175e+14
   4.5714764e+14
   4.5866858e+14
   4.6019457e+14
   4.6172562e+14
   4.6326181e+14
   4.6480308e+14
   4.6634946e+14
   4.6790102e+14
   4.6945770e+14
   4.7101962e+14
   4.7258669e+14
   4.7415899e+14
   4.7573650e+14
   4.7731931e+14
   4.7890735e+14
   4.8050068e+14
   4.8209930e+14
   4.8370325e+14
   4.8531252e+14
   4.8692717e+14
   4.8854719e+14
   4.9017254e+14
   4.9180338e+14
   4.9343960e+14
   4.9508125e+14
   4.9672840e+14
   4.9838104e+14
   5.0003918e+14
   5.0170280e+14
   5.0337193e+14
   5.0504671e+14
   5.0672699e+14
   5.0841288e+14
   5.1010431e+14
   5.1180147e+14
   5.1350424e+14
   5.1521267e+14
   5.1692677e+14
   5.1864658e+14
   5.2037212e+14
   5.2210339e+14
   5.2384048e+14
   5.2558325e+14
   5.2733185e+14
   5.2908634e+14
   5.3084661e+14
   5.3261272e+14
   5.3438473e+14
   5.3616262e+14
   5.3794647e+14
   5.3973621e+14
   5.4153191e+14
   5.4333355e+14
   5.4514126e+14
   5.4695492e+14
   5.4877464e+14
   5.5060043e+14
   5.5243229e+14
   5.5427021e+14
   5.5611425e+14
   5.5796448e+14
   5.5982082e+14
   5.6168335e+14
   5.6355206e+14
   5.6542700e+14
   5.6730818e+14
   5.6919565e+14
   5.7108936e+14
   5.7298937e+14
   5.7489573e+14
   5.7680838e+14
   5.7872744e+14
   5.8065285e+14
   5.8258472e+14
   5.8452295e+14
   5.8646765e+14
   5.8841881e+14
   5.9037655e+14
   5.9234070e+14
   5.9431143e+14
   5.9628868e+14
   5.9827257e+14
   6.0026299e+14
   6.0226009e+14
   6.0426378e+14
   6.0627422e+14
   6.0829124e+14
   6.1031507e+14
   6.1234560e+14
   6.1438288e+14
   6.1642691e+14
   6.1847775e+14
   6.2053539e+14
   6.2259991e+14
   6.2467140e+14
   6.2674965e+14
   6.2883482e+14
   6.3092697e+14
   6.3302605e+14
   6.3513216e+14
   6.3724525e+14
   6.3936539e+14
   6.4149256e+14
   6.4362682e+14
   6.4576813e+14
   6.4791664e+14
   6.5007219e+14
   6.5223495e+14
   6.5440498e+14
   6.5658222e+14
   6.5876667e+14
   6.6095839e+14
   6.6315737e+14
   6.6536373e+14
   6.6757736e+14
   6.6979843e+14
   6.7202682e+14
   6.7426271e+14
   6.7650599e+14
   6.7875664e+14
   6.8101496e+14
   6.8328066e+14
   6.8555397e+14
   6.8783478e+14
   6.9012325e+14
   6.9241928e+14
   6.9472298e+14
   6.9703434e+14
   6.9935331e+14
   7.0168007e+14
   7.0401455e+14
   7.0635681e+14
   7.0870686e+14
   7.1106480e+14
   7.1343046e+14
   7.1580402e+14
   7.1818548e+14
   7.2057495e+14
   7.2297226e+14
   7.2537758e+14
   7.2779097e+14
   7.3021231e+14
   7.3264172e+14
   7.3507925e+14
   7.3752485e+14
   7.3997864e+14
   7.4244055e+14
   7.4491058e+14
   7.4738897e+14
   7.4987549e+14
   7.5237036e+14
   7.5487347e+14
   7.5738493e+14
   7.5990480e+14
   7.6243298e+14
   7.6496956e+14
   7.6751461e+14
   7.7006813e+14
   7.7263018e+14
   7.7520075e+14
   7.7777985e+14
   7.8036747e+14
   7.8296379e+14
   7.8556875e+14
   7.8818230e+14
   7.9080460e+14
   7.9343559e+14
   7.9607534e+14
   7.9872391e+14
   8.0138123e+14
   8.0404747e+14
   8.0672258e+14
   8.0940651e+14
   8.1209942e+14
   8.1480125e+14
   8.1751213e+14
   8.2023193e+14
   8.2296089e+14
   8.2569889e+14
   8.2844593e+14
   8.3120218e+14
   8.3396765e+14
   8.3674227e+14
   8.3952610e+14
   8.4231920e+14
   8.4512157e+14
   8.4793333e+14
   8.5075441e+14
   8.5358482e+14
   8.5642479e+14
   8.5927402e+14
   8.6213287e+14
   8.6500116e+14
   8.6787907e+14
   8.7076653e+14
   8.7366360e+14
   8.7657022e+14
   8.7948658e+14
   8.8241266e+14
   8.8534842e+14
   8.8829395e+14
   8.9124933e+14
   8.9421450e+14
   8.9718962e+14
   9.0017452e+14
   9.0316944e+14
   9.0617432e+14
   9.0918909e+14
   9.1221399e+14
   9.1524897e+14
   9.1829395e+14
   9.2134918e+14
   9.2441448e+14
   9.2748997e+14
   9.3057575e+14
   9.3367184e+14
   9.3677816e+14
   9.3989479e+14
   9.4302183e+14
   9.4615923e+14
   9.4930716e+14
   9.5246550e+14
   9.5563437e+14
   9.5881376e+14
   9.6200375e+14
   9.6520432e+14
   9.6841553e+14
   9.7163750e+14
   9.7487011e+14
   9.7811348e+14
   9.8136772e+14
   9.8463272e+14
   9.8790859e+14
   9.9119545e+14
   9.9449306e+14
   9.9780178e+14
   1.0011214e+15
   1.0044522e+15
   1.0077940e+15
   1.0111470e+15
   1.0145110e+15
   1.0178863e+15
   1.0212728e+15
   1.0246706e+15
   1.0280798e+15
   1.0315002e+15
   1.0349319e+15
   1.0383752e+15
   1.0418298e+15
   1.0452960e+15
   1.0487737e+15
   1.0522630e+15
   1.0557638e+15
   1.0592764e+15
   1.0628006e+15
   1.0663366e+15
   1.0698842e+15
   1.0734437e+15
   1.0770152e+15
   1.0805983e+15
   1.0841936e+15
   1.0878006e+15
   1.0914197e+15
   1.0950509e+15
   1.0986942e+15
   1.1023495e+15
   1.1060170e+15
   1.1096967e+15
   1.1133887e+15
   1.1170929e+15
   1.1208095e+15
   1.1245385e+15
   1.1282798e+15
   1.1320337e+15
   1.1357999e+15
   1.1395787e+15
   1.1433701e+15
   1.1471741e+15
   1.1509908e+15
   1.1548201e+15
   1.1586621e+15
   1.1625171e+15
   1.1663847e+15
   1.1702653e+15
   1.1741588e+15
   1.1780652e+15
   1.1819846e+15
   1.1859171e+15
   1.1898627e+15
   1.1938213e+15
   1.1977931e+15
   1.2017783e+15
   1.2057765e+15
   1.2097881e+15
   1.2138131e+15
   1.2178515e+15
   1.2219033e+15
   1.2259687e+15
   1.2300474e+15
   1.2341398e+15
   1.2382457e+15
   1.2423655e+15
   1.2464987e+15
   1.2506458e+15
   1.2548068e+15
   1.2589816e+15
   1.2631701e+15
   1.2673726e+15
   1.2715892e+15
   1.2758199e+15
   1.2800646e+15
   1.2843234e+15
   1.2885963e+15
   1.2928835e+15
   1.2971848e+15
   1.3015005e+15
   1.3058306e+15
   1.3101751e+15
   1.3145342e+15
   1.3189075e+15
   1.3232957e+15
   1.3276982e+15
   1.3321154e+15
   1.3365475e+15
   1.3409941e+15
   1.3454556e+15
   1.3499319e+15
   1.3544231e+15
   1.3589294e+15
   1.3634505e+15
   1.3679867e+15
   1.3725380e+15
   1.3771044e+15
   1.3816862e+15
   1.3862829e+15
   1.3908952e+15
   1.3955225e+15
   1.4001656e+15
   1.4048240e+15
   1.4094978e+15
   1.4141872e+15
   1.4188922e+15
   1.4236129e+15
   1.4283492e+15
   1.4331013e+15
   1.4378693e+15
   1.4426531e+15
   1.4474527e+15
   1.4522684e+15
   1.4571001e+15
   1.4619479e+15
   1.4668119e+15
   1.4716919e+15
   1.4765882e+15
   1.4815009e+15
   1.4864298e+15
   1.4913752e+15
   1.4963370e+15
   1.5013154e+15
   1.5063103e+15
   1.5113216e+15
   1.5163499e+15
   1.5213947e+15
   1.5264565e+15
   1.5315351e+15
   1.5366304e+15
   1.5417428e+15
   1.5468721e+15
   1.5520187e+15
   1.5571822e+15
   1.5623630e+15
   1.5675609e+15
   1.5727763e+15
   1.5780088e+15
   1.5832590e+15
   1.5885263e+15
   1.5938116e+15
   1.5991140e+15
   1.6044343e+15
   1.6097723e+15
   1.6151280e+15
   1.6205016e+15
   1.6258929e+15
   1.6313024e+15
   1.6367297e+15
   1.6421751e+15
   1.6476385e+15
   1.6531202e+15
   1.6586203e+15
   1.6641385e+15
   1.6696751e+15
   1.6752301e+15
   1.6808036e+15
   1.6863956e+15
   1.6920062e+15
   1.6976356e+15
   1.7032836e+15
   1.7089503e+15
   1.7146361e+15
   1.7203407e+15
   1.7260643e+15
   1.7318069e+15
   1.7375686e+15
   1.7433496e+15
   1.7491496e+15
   1.7549691e+15
   1.7608079e+15
   1.7666661e+15
   1.7725438e+15
   1.7784410e+15
   1.7843580e+15
   1.7902945e+15
   1.7962508e+15
   1.8022270e+15
   1.8082230e+15
   1.8142390e+15
   1.8202749e+15
   1.8263310e+15
   1.8324073e+15
   1.8385036e+15
   1.8446204e+15
   1.8507574e+15
   1.8569149e+15
   1.8630929e+15
   1.8692915e+15
   1.8755105e+15
   1.8817503e+15
   1.8880109e+15
   1.8942923e+15
   1.9005947e+15
   1.9069180e+15
   1.9132623e+15
   1.9196276e+15
   1.9260143e+15
   1.9324221e+15
   1.9388514e+15
   1.9453020e+15
   1.9517741e+15
   1.9582674e+15
   1.9647826e+15
   1.9713194e+15
   1.9778780e+15
   1.9844584e+15
   1.9910609e+15
   1.9976850e+15
   2.0043315e+15
   2.0109998e+15
   2.0176904e+15
   2.0244031e+15
   2.0311384e+15
   2.0378961e+15
   2.0446761e+15
   2.0514789e+15
   2.0583041e+15
   2.0651521e+15
   2.0720229e+15
   2.0789163e+15
   2.0858331e+15
   2.0927726e+15
   2.0997352e+15
   2.1067211e+15
   2.1137302e+15
   2.1207626e+15
   2.1278183e+15
   2.1348976e+15
   2.1420003e+15
   2.1491270e+15
   2.1562770e+15
   2.1634509e+15
   2.1706487e+15
   2.1778704e+15
   2.1851163e+15
   2.1923861e+15
   2.1996803e+15
   2.2069986e+15
   2.2143414e+15
   2.2217084e+15
   2.2291001e+15
   2.2365163e+15
   2.2439573e+15
   2.2514227e+15
   2.2589133e+15
   2.2664287e+15
   2.2739692e+15
   2.2815347e+15
   2.2891253e+15
   2.2967413e+15
   2.3043826e+15
   2.3120494e+15
   2.3197414e+15
   2.3274591e+15
   2.3352026e+15
   2.3429720e+15
   2.3507671e+15
   2.3585880e+15
   2.3664349e+15
   2.3743082e+15
   2.3822074e+15
   2.3901331e+15
   2.3980852e+15
   2.4060635e+15
   2.4140685e+15
   2.4221004e+15
   2.4301586e+15
   2.4382436e+15
   2.4463557e+15
   2.4544947e+15
   2.4626608e+15
   2.4708540e+15
   2.4790746e+15
   2.4873225e+15
   2.4955980e+15
   2.5039007e+15
   2.5122313e+15
   2.5205896e+15
   2.5289754e+15
   2.5373895e+15
   2.5458311e+15
   2.5543011e+15
   2.5627993e+15
   2.5713258e+15
   2.5798805e+15
   2.5884638e+15
   2.5970760e+15
   2.6057162e+15
   2.6143856e+15
   2.6230838e+15
   2.6318106e+15
   2.6405665e+15
   2.6493519e+15
   2.6581661e+15
   2.6670099e+15
   2.6758829e+15
   2.6847858e+15
   2.6937181e+15
   2.7026800e+15
   2.7116718e+15
   2.7206934e+15
   2.7297455e+15
   2.7388273e+15
   2.7479393e+15
   2.7570818e+15
   2.7662544e+15
   2.7754578e+15
   2.7846920e+15
   2.7939565e+15
   2.8032520e+15
   2.8125783e+15
   2.8219359e+15
   2.8313246e+15
   2.8407442e+15
   2.8501955e+15
   2.8596783e+15
   2.8691922e+15
   2.8787382e+15
   2.8883157e+15
   2.8979251e+15
   2.9075665e+15
   2.9172400e+15
   2.9269457e+15
   2.9366835e+15
   2.9464540e+15
   2.9562570e+15
   2.9660923e+15
   2.9759605e+15
   2.9858617e+15
   2.9957954e+15
   3.0057628e+15
   3.0157629e+15
   3.0257961e+15
   3.0358630e+15
   3.0459636e+15
   3.0560971e+15
   3.0662650e+15
   3.0764667e+15
   3.0867018e+15
   3.0969713e+15
   3.1072749e+15
   3.1176130e+15
   3.1279852e+15
   3.1383920e+15
   3.1488336e+15
   3.1593098e+15
   3.1698207e+15
   3.1803667e+15
   3.1909479e+15
   3.2015639e+15
   3.2122158e+15
   3.2229030e+15
   3.2336254e+15
   3.2443838e+15
   3.2551778e+15
   3.2660076e+15
   3.2768738e+15
   3.2877759e+15
   3.2987141e+15
   3.3096890e+15
   3.3207005e+15
   3.3317484e+15
   3.3428332e+15
   3.3539548e+15
   3.3651134e+15
   3.3763092e+15
   3.3875423e+15
   3.3988126e+15
   3.4101205e+15
   3.4214658e+15
   3.4328494e+15
   3.4442702e+15
   3.4557294e+15
   3.4672266e+15
   3.4787622e+15
   3.4903358e+15
   3.5019482e+15
   3.5135994e+15
   3.5252888e+15
   3.5370177e+15
   3.5487854e+15
   3.5605923e+15
   3.5724383e+15
   3.5843239e+15
   3.5962489e+15
   3.6082137e+15
   3.6202183e+15
   3.6322627e+15
   3.6443472e+15
   3.6564720e+15
   3.6686371e+15
   3.6808424e+15
   3.6930888e+15
   3.7053758e+15
   3.7177036e+15
   3.7300724e+15
   3.7424824e+15
   3.7549335e+15
   3.7674261e+15
   3.7799604e+15
   3.7925365e+15
   3.8051541e+15
   3.8178140e+15
   3.8305158e+15
   3.8432597e+15
   3.8560464e+15
   3.8688757e+15
   3.8817471e+15
   3.8946620e+15
   3.9076195e+15
   3.9206204e+15
   3.9336644e+15
   3.9467514e+15
   3.9598824e+15
   3.9730568e+15
   3.9862752e+15
   3.9995375e+15
   4.0128438e+15
   4.0261949e+15
   4.0395900e+15
   4.0530299e+15
   4.0665143e+15
   4.0800435e+15
   4.0936176e+15
   4.1072374e+15
   4.1209021e+15
   4.1346121e+15
   4.1483684e+15
   4.1621700e+15
   4.1760173e+15
   4.1899109e+15
   4.2038507e+15
   4.2178372e+15
   4.2318700e+15
   4.2459494e+15
   4.2600755e+15
   4.2742488e+15
   4.2884692e+15
   4.3027368e+15
   4.3170520e+15
   4.3314153e+15
   4.3458257e+15
   4.3602841e+15
   4.3747911e+15
   4.3893457e+15
   4.4039493e+15
   4.4186014e+15
   4.4333020e+15
   4.4480516e+15
   4.4628502e+15
   4.4776982e+15
   4.4925957e+15
   4.5075426e+15
   4.5225394e+15
   4.5375856e+15
   4.5526822e+15
   4.5678287e+15
   4.5830260e+15
   4.5982736e+15
   4.6135721e+15
   4.6289218e+15
   4.6443219e+15
   4.6597737e+15
   4.6752768e+15
   4.6908316e+15
   4.7064381e+15
   4.7220964e+15
   4.7378069e+15
   4.7535695e+15
   4.7693843e+15
   4.7852522e+15
   4.8011728e+15
   4.8171469e+15
   4.8331732e+15
   4.8492531e+15
   4.8653865e+15
   4.8815735e+15
   4.8978149e+15
   4.9141095e+15
   4.9304590e+15
   4.9468625e+15
   4.9633209e+15
   4.9798343e+15
   4.9964017e+15
   5.0130249e+15
   5.0297035e+15
   5.0464371e+15
   5.0632269e+15
   5.0800717e+15
   5.0969737e+15
   5.1139307e+15
   5.1309453e+15
   5.1480157e+15
   5.1651434e+15
   5.1823279e+15
   5.1995691e+15
   5.2168680e+15
   5.2342250e+15
   5.2516393e+15
   5.2691116e+15
   5.2866417e+15
   5.3042308e+15
   5.3218776e+15
   5.3395839e+15
   5.3573483e+15
   5.3751718e+15
   5.3930557e+15
   5.4109982e+15
   5.4290002e+15
   5.4470627e+15
   5.4651855e+15
   5.4833679e+15
   5.5016107e+15
   5.5199153e+15
   5.5382803e+15
   5.5567058e+15
   5.5751930e+15
   5.5937416e+15
   5.6123520e+15
   5.6310242e+15
   5.6497586e+15
   5.6685558e+15
   5.6874152e+15
   5.7063373e+15
   5.7253217e+15
   5.7443701e+15
   5.7634818e+15
   5.7826566e+15
   5.8018959e+15
   5.8211984e+15
   5.8405655e+15
   5.8599976e+15
   5.8794937e+15
   5.8990544e+15
   5.9186810e+15
   5.9383722e+15
   5.9581293e+15
   5.9779518e+15
   5.9978403e+15
   6.0177956e+15
   6.0378168e+15
   6.0579048e+15
   6.0780597e+15
   6.0982814e+15
   6.1185699e+15
   6.1389267e+15
   6.1593512e+15
   6.1798425e+15
   6.2004034e+15
   6.2210321e+15
   6.2417294e+15
   6.2624959e+15
   6.2833310e+15
   6.3042361e+15
   6.3252100e+15
   6.3462543e+15
   6.3673682e+15
   6.3885521e+15
   6.4098074e+15
   6.4311328e+15
   6.4525291e+15
   6.4739964e+15
   6.4955356e+15
   6.5171457e+15
   6.5388286e+15
   6.5605838e+15
   6.5824104e+15
   6.6043103e+15
   6.6262825e+15
   6.6483284e+15
   6.6704475e+15
   6.6926399e+15
   6.7149069e+15
   6.7372472e+15
   6.7596616e+15
   6.7821510e+15
   6.8047156e+15
   6.8273547e+15
   6.8500694e+15
   6.8728596e+15
   6.8957254e+15
   6.9186676e+15
   6.9416862e+15
   6.9647818e+15
   6.9879529e+15
   7.0112022e+15
   7.0345280e+15
   7.0579326e+15
   7.0814140e+15
   7.1049738e+15
   7.1286122e+15
   7.1523289e+15
   7.1761249e+15
   7.2000000e+15
