       12.755629
       12.719380
       12.683177
       12.647059
       12.611033
       12.575099
       12.539258
       12.503508
       12.467851
       12.432286
       12.396812
       12.361430
       12.326139
       12.290938
       12.255828
       12.220808
       12.185879
       12.151039
       12.116288
       12.081627
       12.047056
       12.012573
       11.978179
       11.943873
       11.909658
       11.875534
       11.841503
       11.807573
       11.773751
       11.740053
       11.706502
       11.673129
       11.639969
       11.607057
       11.574412
       11.542021
       11.509810
       11.477643
       11.445315
       11.412583
       11.379207
       11.344996
       11.309822
       11.273600
       11.236189
       11.197265
       11.156202
       11.112047
       11.063628
       11.009819
       10.949983
       10.884487
       10.815053
       10.744619
       10.676545
       10.613520
       10.557076
       10.507638
       10.464843
       10.427923
       10.395975
       10.368066
       10.343295
       10.320826
       10.299905
       10.279885
       10.260242
       10.240569
       10.220590
       10.200152
       10.179218
       10.157835
       10.136126
       10.114249
       10.092376
       10.070668
       10.049273
       10.028322
       10.007910
       9.9880908
       9.9688679
       9.9501977
       9.9319970
       9.9141646
       9.8965915
       9.8791732
       9.8618194
       9.8444715
       9.8271098
       9.8097376
       9.7923784
       9.7750411
       9.7577013
       9.7402876
       9.7226874
       9.7047780
       9.6864235
       9.6675387
       9.6481483
       9.6283160
       9.6081345
       9.5877078
       9.5671262
       9.5464519
       9.5257234
       9.5049681
       9.4841965
       9.4634033
       9.4425739
       9.4216820
       9.4006789
       9.3794933
       9.3580432
       9.3362431
       9.3140261
       9.2913499
       9.2682040
       9.2446050
       9.2205771
       9.1961483
       9.1713469
       9.1462012
       9.1207681
       9.0951253
       9.0693847
       9.0436789
       9.0181451
       8.9929061
       8.9680493
       8.9436227
       8.9196380
       8.8960798
       8.8729185
       8.8501150
       8.8276243
       8.8054012
       8.7833978
       8.7615591
       8.7398293
       8.7181465
       8.6964514
       8.6746879
       8.6528102
       8.6307857
       8.6086017
       8.5862636
       8.5638002
       8.5412591
       8.5187048
       8.4962073
       8.4738339
       8.4516520
       8.4297323
       8.4081422
       8.3869354
       8.3661509
       8.3458100
       8.3259246
       8.3065058
       8.2875612
       8.2690890
       8.2510752
       8.2334976
       8.2163260
       8.1995246
       8.1830526
       8.1668603
       8.1508868
       8.1350602
       8.1192951
       8.1034960
       8.0875613
       8.0713872
       8.0548773
       8.0379438
       8.0205139
       8.0025328
       7.9839614
       7.9647804
       7.9449905
       7.9246248
       7.9037609
       7.8825530
       7.8612653
       7.8402890
       7.8201448
       7.8014489
       7.7848122
       7.7707253
       7.7594239
       7.7506725
       7.7431808
       7.7342748
       7.7207011
       7.6996224
       7.6704884
       7.6342938
       7.5942121
       7.5545712
       7.5174275
       7.4826299
       7.4497061
       7.4184957
       7.3889875
       7.3612088
       7.3352020
       7.3110001
       7.2886270
       7.2680662
       7.2492416
       7.2320186
       7.2162343
       7.2017166
       7.1882958
       7.1758228
       7.1641656
       7.1532955
       7.1433718
       7.1342210
       7.1256449
       7.1175125
       7.1096612
       7.1018726
       7.0939134
       7.0855242
       7.0763890
       7.0661484
       7.0544209
       7.0408644
       7.0252736
       7.0076716
       6.9883045
       6.9675699
       6.9459104
       6.9237014
       6.9011933
       6.8785187
       6.8557150
       6.8327587
       6.8096060
       6.7862253
       6.7626114
       6.7387756
       6.7147383
       6.6905030
       6.6660656
       6.6414073
       6.6164834
       6.5912465
       6.5656403
       6.5396177
       6.5131386
       6.4861764
       6.4587245
       6.4308085
       6.4025034
       6.3739232
       6.3452423
       6.3167064
       6.2886886
       6.2617188
       6.2363231
       6.2125355
       6.1894661
       6.1655471
       6.1401741
       6.1140669
       6.0877379
       6.0616663
       6.0364005
       6.0121590
       5.9888074
       5.9661602
       5.9441946
       5.9231084
       5.9031767
       5.8845779
       5.8673476
       5.8514339
       5.8367590
       5.8232509
       5.8108545
       5.7995396
       5.7893022
       5.7801635
       5.7721663
       5.7653610
       5.7598044
       5.7555612
       5.7527103
       5.7513260
       5.7514585
       5.7531325
       5.7563627
       5.7612135
       5.7678310
       5.7758383
       5.7843275
       5.7916097
       5.7958263
       5.7963435
       5.7954279
       5.7960730
       5.7982638
       5.8020768
       5.8068257
       5.8122831
       5.8181313
       5.8240950
       5.8299954
       5.8357259
       5.8412141
       5.8463680
       5.8509318
       5.8546652
       5.8572435
       5.8586840
       5.8590870
       5.8584960
       5.8571197
       5.8553134
       5.8534684
       5.8519028
       5.8508142
       5.8502604
       5.8502333
       5.8506373
       5.8512936
       5.8519065
       5.8521155
       5.8514633
       5.8496326
       5.8464006
       5.8416145
       5.8351528
       5.8269081
       5.8167614
       5.8046281
       5.7904694
       5.7743052
       5.7562523
       5.7364849
       5.7151844
       5.6924758
       5.6684005
       5.6428722
       5.6156834
       5.5865970
       5.5553636
       5.5217971
       5.4857950
       5.4473304
       5.4064067
       5.3629788
       5.3169719
       5.2682543
       5.2166224
       5.1618102
       5.1035313
       5.0415523
       4.9757986
       4.9063980
       4.8338380
       4.7587320
       4.6819349
       4.6044268
       4.5279142
       4.4554620
       4.3906042
       4.3329088
       4.2739568
       4.2039581
       4.1198764
       4.0265072
       3.9348946
       3.8475955
       3.7615574
       3.6745986
       3.5871722
       3.5007479
       3.4159939
       3.3333625
       3.2534318
       3.1769006
       3.1043616
       3.0361845
       2.9725644
       2.9137172
       2.8600845
       2.8123476
       2.7714334
       2.7381694
       2.7126173
       2.6937737
       2.6798920
       2.6696057
       2.6622957
       2.6577183
       2.6556773
       2.6558658
       2.6577930
       2.6608937
       2.6646539
       2.6691343
       2.6755937
       2.6868621
       2.7030040
       2.7165721
       2.7177091
       2.7102510
       2.6980068
       2.6858661
       2.6769644
       2.6698692
       2.6632433
       2.6565707
       2.6498009
       2.6427912
       2.6352786
       2.6270334
       2.6179513
       2.6079161
       2.5967986
       2.5846764
       2.5718489
       2.5587140
       2.5457030
       2.5331624
       2.5213107
       2.5102066
       2.4999342
       2.4906618
       2.4826395
       2.4757094
       2.4687635
       2.4595468
       2.4461948
       2.4289606
       2.4092231
       2.3881915
       2.3671767
       2.3479606
       2.3321383
       2.3205664
       2.3134227
       2.3103980
       2.3110442
       2.3152386
       2.3231986
       2.3355736
       2.3531948
       2.3765711
       2.4058424
       2.4410170
       2.4817688
       2.5274500
       2.5772793
       2.6302485
       2.6860847
       2.7445954
       2.8055909
       2.8686488
       2.9330978
       2.9982771
       3.0635820
       3.1284074
       3.1921231
       3.2540008
       3.3132150
       3.3691000
       3.4210796
       3.4686036
       3.5107925
       3.5467554
       3.5759956
       3.5988052
       3.6157590
       3.6272057
       3.6332432
       3.6325371
       3.6220045
       3.6003801
       3.5697824
       3.5321371
       3.4904601
       3.4467347
       3.4015818
       3.3549205
       3.3065594
       3.2562865
       3.2036324
       3.1482335
       3.0903007
       3.0303722
       2.9691862
       2.9069652
       2.8430151
       2.7768817
       2.7087305
       2.6394907
       2.5703780
       2.5024689
       2.4365769
       2.3732890
       2.3129801
       2.2559200
       2.2022905
       2.1521313
       2.1054241
       2.0618429
       2.0205750
       1.9806836
       1.9410301
       1.9003288
       1.8581061
       1.8161697
       1.7775383
       1.7443040
       1.7171271
       1.6951627
       1.6769639
       1.6615723
       1.6486667
       1.6385007
       1.6312812
       1.6269021
       1.6251196
       1.6256299
       1.6281078
       1.6322447
       1.6377420
       1.6444109
       1.6524350
       1.6621551
       1.6747373
       1.6913497
       1.7114386
       1.7299434
       1.7420056
       1.7503240
       1.7566205
       1.7608049
       1.7627366
       1.7633692
       1.7643335
       1.7661371
       1.7672248
       1.7652717
       1.7578220
       1.7422620
       1.7206123
       1.6994637
       1.6829923
       1.6705842
       1.6590267
       1.6464220
       1.6330648
       1.6203191
       1.6089358
       1.5986203
       1.5889558
       1.5795892
       1.5702313
       1.5606481
       1.5507441
       1.5408296
       1.5315432
       1.5233082
       1.5160595
       1.5096697
       1.5040227
       1.4988024
       1.4934443
       1.4872647
       1.4796298
       1.4699161
       1.4581239
       1.4447118
       1.4306356
       1.4173856
       1.4060851
       1.3968864
       1.3891725
       1.3826079
       1.3777700
       1.3755667
       1.3763837
       1.3798339
       1.3852602
       1.3931391
       1.4044310
       1.4185489
       1.4342702
       1.4512707
       1.4698171
       1.4892394
       1.5061279
       1.5167794
       1.5210607
       1.5217637
       1.5243424
       1.5322450
       1.5454142
       1.5622125
       1.5812203
       1.6013544
       1.6216715
       1.6415622
       1.6607221
       1.6789170
       1.6959197
       1.7115950
       1.7260952
       1.7398794
       1.7533311
       1.7664657
       1.7789846
       1.7905194
       1.7999703
       1.8052275
       1.8053346
       1.8011114
       1.7946925
       1.7880503
       1.7818794
       1.7758763
       1.7694025
       1.7619934
       1.7538276
       1.7454563
       1.7369339
       1.7273647
       1.7155269
       1.7005788
       1.6811032
       1.6564616
       1.6285935
       1.6006210
       1.5741089
       1.5486905
       1.5245809
       1.5027969
       1.4836620
       1.4639077
       1.4370404
       1.4049913
       1.3740726
       1.3477374
       1.3259762
       1.3069632
       1.2890796
       1.2716606
       1.2546097
       1.2379385
       1.2217315
       1.2066042
       1.1934363
       1.1822190
       1.1711599
       1.1573073
       1.1393601
       1.1194432
       1.1015191
       1.0885857
       1.0800725
       1.0707639
       1.0552626
       1.0338899
       1.0133064
      0.99820261
      0.98862111
      0.98234268
      0.97821766
      0.97646671
      0.97657292
      0.97620405
      0.97411902
      0.97185733
      0.97014826
      0.96613566
      0.95789030
      0.94742570
      0.93797091
      0.93079055
      0.92558128
      0.92180919
      0.91913087
      0.91712203
      0.91545098
      0.91393733
      0.91252938
      0.91130377
      0.91037008
      0.90983269
      0.90998744
      0.91123653
      0.91233605
      0.91200755
      0.91227289
      0.91451800
      0.91468935
      0.90668429
      0.89186020
      0.87808828
      0.86644983
      0.85274022
      0.83440585
      0.81546260
      0.80140634
      0.79311227
      0.78809771
      0.78426883
      0.78092332
      0.77778874
      0.77476129
      0.77188960
      0.76941264
      0.76753596
      0.76626733
      0.76556353
      0.76509329
      0.76322595
      0.75783939
      0.74812870
      0.73668671
      0.72667411
      0.71911681
      0.71342415
      0.70874370
      0.70456066
      0.70065193
      0.69687696
      0.69315111
      0.68951839
      0.68601403
      0.68247665
      0.67875712
      0.67409625
      0.66760044
      0.65929008
      0.65021207
      0.64135766
      0.63251604
      0.62274822
      0.61402656
      0.60879094
      0.60676833
      0.60618270
      0.60593484
      0.60607533
      0.60674613
      0.60800310
      0.60992609
      0.61250753
      0.61570383
      0.61944174
      0.62360372
      0.62803407
      0.63261718
      0.63731013
      0.64212657
      0.64708054
      0.65209187
      0.65700420
      0.66173107
      0.66641675
      0.67144455
      0.67706955
      0.68288272
      0.68820720
      0.69274589
      0.69626583
      0.69801600
      0.69700715
      0.69247177
      0.68587745
      0.68047744
      0.67741516
      0.67542472
      0.67442155
      0.67457954
      0.67304143
      0.66618952
      0.65412927
      0.63954909
      0.62565568
      0.61417387
      0.60534353
      0.59855529
      0.59304467
      0.58831159
      0.58412650
      0.58035528
      0.57693636
      0.57379129
      0.57059115
      0.56683861
      0.56246118
      0.55773006
      0.55262316
      0.54678365
      0.54047914
      0.53443941
      0.52912051
      0.52444695
      0.52006933
      0.51569783
      0.51123149
      0.50672415
      0.50221780
      0.49781507
      0.49390291
      0.49091502
      0.48813290
      0.48350061
      0.47605268
      0.46779863
      0.46112841
      0.45652825
      0.45331351
      0.45051396
      0.44725279
      0.44351682
      0.44032803
      0.43765188
      0.43401777
      0.42826734
      0.42082860
      0.41345581
      0.40752171
      0.40331077
      0.40039815
      0.39821590
      0.39638935
      0.39477921
      0.39340253
      0.39227136
      0.39108971
      0.38935105
      0.38678061
      0.38359462
      0.38056659
      0.37811863
      0.37610892
      0.37420660
      0.37212251
      0.36960609
      0.36663584
      0.36349455
      0.36060213
      0.35821168
      0.35642951
      0.35513564
      0.35385936
      0.35227665
      0.35058174
      0.34864324
      0.34570060
      0.34137027
      0.33665895
      0.33246151
      0.32874426
      0.32503530
      0.32123896
      0.31770777
      0.31460377
      0.31181197
      0.30916857
      0.30673983
      0.30416745
      0.30007977
      0.29362586
      0.28598701
      0.27907569
      0.27348494
      0.26889131
      0.26519591
      0.26255039
      0.26077377
      0.25937728
      0.25796719
      0.25662895
      0.25565037
      0.25475345
      0.25296378
      0.24957909
      0.24488711
      0.23986297
      0.23545694
      0.23199983
      0.22933366
      0.22718506
      0.22537840
      0.22364377
      0.22155609
      0.21893869
      0.21621689
      0.21390465
      0.21208772
      0.21054782
      0.20907503
      0.20763084
      0.20633187
      0.20529780
      0.20437446
      0.20312192
      0.20136380
      0.19943309
      0.19776736
      0.19646255
      0.19536980
      0.19437494
      0.19346444
      0.19261835
      0.19192059
      0.19145629
      0.19087367
      0.18957051
      0.18745808
      0.18499381
      0.18255546
      0.18022551
      0.17801352
      0.17595777
      0.17404180
      0.17218409
      0.17046178
      0.16917782
      0.16824889
      0.16696211
      0.16466624
      0.16150531
      0.15813643
      0.15503844
      0.15235556
      0.15010474
      0.14824644
      0.14670377
      0.14528709
      0.14368688
      0.14167691
      0.13939182
      0.13713262
      0.13496899
      0.13279893
      0.13070052
      0.12888796
      0.12743249
      0.12622823
      0.12513276
      0.12405784
      0.12296977
      0.12187453
      0.12078140
      0.11966680
      0.11851468
      0.11733669
      0.11614708
      0.11495865
      0.11379598
      0.11269053
      0.11165807
      0.11069878
      0.10979539
      0.10887750
      0.10784950
      0.10668474
      0.10545334
      0.10422867
      0.10303297
      0.10184816
      0.10067333
     0.099553295
     0.098534225
     0.097595781
     0.096661266
     0.095686205
     0.094714877
     0.093804269
     0.092904321
     0.091851754
     0.090546133
     0.089032939
     0.087318644
     0.085385319
     0.083348164
     0.081473191
     0.079952918
     0.078750386
     0.077720220
     0.076769619
     0.075873548
     0.075019438
     0.074198522
     0.073411340
     0.072663707
     0.071958531
     0.071291620
     0.070647036
     0.070003737
     0.069336360
     0.068623856
     0.067867510
     0.067081531
     0.066260634
     0.065382859
     0.064445140
     0.063489232
     0.062569059
     0.061703014
     0.060874481
     0.060062537
     0.059257818
     0.058459197
     0.057667907
     0.056884875
     0.056110282
     0.055343963
     0.054585757
     0.053835530
     0.053093043
     0.052357772
     0.051628545
     0.050902692
