       12.755620
       12.719378
       12.683177
       12.647059
       12.611033
       12.575099
       12.539258
       12.503508
       12.467851
       12.432286
       12.396812
       12.361430
       12.326139
       12.290938
       12.255828
       12.220808
       12.185879
       12.151039
       12.116288
       12.081628
       12.047056
       12.012573
       11.978179
       11.943875
       11.909661
       11.875541
       11.841520
       11.807605
       11.773813
       11.740167
       11.706696
       11.673442
       11.640444
       11.607733
       11.575305
       11.543102
       11.510983
       11.478720
       11.446006
       11.412501
       11.377880
       11.341891
       11.304383
       11.265305
       11.224665
       11.182464
       11.138617
       11.092861
       11.044731
       10.993656
       10.939371
       10.882595
       10.825643
       10.772280
       10.726488
       10.690635
       10.665076
       10.648723
       10.639871
       10.636901
       10.638490
       10.643606
       10.651424
       10.661233
       10.672398
       10.684407
       10.696900
       10.709637
       10.722477
       10.735319
       10.748006
       10.760273
       10.772055
       10.783435
       10.794524
       10.805377
       10.816146
       10.826943
       10.837833
       10.848924
       10.860303
       10.871990
       10.883929
       10.895984
       10.908016
       10.919847
       10.931265
       10.942072
       10.952111
       10.961270
       10.969504
       10.976829
       10.983311
       10.989063
       10.994223
       10.998940
       11.003355
       11.007587
       11.011717
       11.015772
       11.019747
       11.023586
       11.027199
       11.030470
       11.033286
       11.035553
       11.037200
       11.038186
       11.038493
       11.038113
       11.037052
       11.035339
       11.033024
       11.030164
       11.026821
       11.023059
       11.018945
       11.014537
       11.009894
       11.005069
       11.000107
       10.995025
       10.989833
       10.984517
       10.979059
       10.973436
       10.967626
       10.961602
       10.955337
       10.948791
       10.941923
       10.934683
       10.927018
       10.918888
       10.910248
       10.901065
       10.891329
       10.881038
       10.870205
       10.858858
       10.847040
       10.834805
       10.822217
       10.809339
       10.796229
       10.782924
       10.769457
       10.755836
       10.742050
       10.728067
       10.713839
       10.699308
       10.684414
       10.669093
       10.653285
       10.636928
       10.619963
       10.602331
       10.583964
       10.564786
       10.544716
       10.523693
       10.501683
       10.478684
       10.454703
       10.429829
       10.404240
       10.378142
       10.351721
       10.325125
       10.298478
       10.271934
       10.245638
       10.219655
       10.194029
       10.168809
       10.144039
       10.119754
       10.095977
       10.072702
       10.049915
       10.027577
       10.005648
       9.9840794
       9.9628126
       9.9417837
       9.9209222
       9.9001544
       9.8793896
       9.8585369
       9.8375010
       9.8161882
       9.7945071
       9.7723985
       9.7498061
       9.7266853
       9.7030051
       9.6787384
       9.6538635
       9.6283604
       9.6022086
       9.5753862
       9.5478792
       9.5196676
       9.4907351
       9.4610588
       9.4306170
       9.3993690
       9.3673306
       9.3344631
       9.3007721
       9.2662557
       9.2309314
       9.1948324
       9.1579955
       9.1204765
       9.0823365
       9.0436415
       9.0044560
       8.9648367
       8.9248324
       8.8844854
       8.8438426
       8.8029585
       8.7619175
       8.7208206
       8.6797927
       8.6389505
       8.5984137
       8.5582462
       8.5184518
       8.4788860
       8.4393156
       8.3995323
       8.3594205
       8.3188654
       8.2777637
       8.2360801
       8.1937317
       8.1506427
       8.1068460
       8.0625521
       8.0179665
       7.9731883
       7.9283715
       7.8837077
       7.8393409
       7.7954123
       7.7520111
       7.7091505
       7.6667168
       7.6244712
       7.5821414
       7.5395411
       7.4966092
       7.4534312
       7.4101703
       7.3670131
       7.3240768
       7.2814478
       7.2391683
       7.1972788
       7.1558177
       7.1148053
       7.0742636
       7.0341952
       6.9946034
       6.9554660
       6.9167703
       6.8784954
       6.8406293
       6.8031706
       6.7661217
       6.7294782
       6.6932085
       6.6572557
       6.6215589
       6.5860747
       6.5507967
       6.5157730
       6.4811107
       6.4469535
       6.4134497
       6.3807152
       6.3487785
       6.3175199
       6.2867107
       6.2560490
       6.2251532
       6.1937277
       6.1616417
       6.1288955
       6.0955698
       6.0617519
       6.0274623
       5.9926310
       5.9571349
       5.9209374
       5.8842423
       5.8474855
       5.8110909
       5.7752080
       5.7399336
       5.7052986
       5.6712671
       5.6377456
       5.6046841
       5.5719980
       5.5396251
       5.5075097
       5.4756050
       5.4438742
       5.4122703
       5.3807492
       5.3492595
       5.3177432
       5.2861296
       5.2543433
       5.2223095
       5.1899633
       5.1572501
       5.1241070
       5.0904450
       5.0561646
       5.0211572
       4.9853387
       4.9486471
       4.9110663
       4.8725928
       4.8332470
       4.7930700
       4.7521255
       4.7105058
       4.6683621
       4.6259521
       4.5836874
       4.5421050
       4.5016542
       4.4623047
       4.4232138
       4.3830922
       4.3407779
       4.2954515
       4.2472599
       4.1968355
       4.1443831
       4.0897868
       4.0333158
       3.9756449
       3.9164650
       3.8541621
       3.7859405
       3.7109601
       3.6312212
       3.5492147
       3.4679652
       3.3885458
       3.3102210
       3.2322139
       3.1543110
       3.0766753
       2.9995565
       2.9230963
       2.8472936
       2.7720075
       2.6970621
       2.6223101
       2.5476550
       2.4731701
       2.3990455
       2.3255366
       2.2529538
       2.1815728
       2.1115198
       2.0426736
       1.9747161
       1.9073802
       1.8406563
       1.7747512
       1.7099393
       1.6463783
       1.5841737
       1.5233935
       1.4641250
       1.4065000
       1.3506679
       1.2968014
       1.2451475
       1.1960505
       1.1501698
       1.1087369
       1.0725387
       1.0408498
       1.0112984
      0.98202292
      0.95306171
      0.92607410
      0.90149794
      0.87866433
      0.85711205
      0.83692536
      0.81845401
      0.80181365
      0.78688391
      0.77355431
      0.76181147
      0.75162818
      0.74291349
      0.73553237
      0.72934604
      0.72405921
      0.71931928
      0.71485311
      0.71067402
      0.70702342
      0.70416726
      0.70219614
      0.70099297
      0.70036554
      0.70016356
      0.70023700
      0.70046778
      0.70075558
      0.70091364
      0.70073639
      0.70008954
      0.69901526
      0.69770077
      0.69617318
      0.69443421
      0.69254756
      0.69057715
      0.68857604
      0.68653683
      0.68446759
      0.68251734
      0.68098946
      0.68010780
      0.67983925
      0.67991134
      0.68014525
      0.68062971
      0.68151791
      0.68285038
      0.68457864
      0.68683199
      0.68995495
      0.69436955
      0.70034402
      0.70797292
      0.71724224
      0.72810613
      0.74045863
      0.75421187
      0.76922379
      0.78535367
      0.80249328
      0.82054874
      0.83937565
      0.85863300
      0.87778275
      0.89631919
      0.91400970
      0.93091178
      0.94713280
      0.96284648
      0.97810788
      0.99284298
       1.0068693
       1.0199791
       1.0320848
       1.0432522
       1.0536736
       1.0635991
       1.0732615
       1.0828484
       1.0923327
       1.1015131
       1.1099499
       1.1172314
       1.1216155
       1.1209768
       1.1154052
       1.1066433
       1.0955444
       1.0832692
       1.0705252
       1.0569591
       1.0423456
       1.0267604
       1.0104318
      0.99358835
      0.97632366
      0.95863969
      0.94050154
      0.92192587
      0.90299318
      0.88384328
      0.86467312
      0.84568271
      0.82701629
      0.80873371
      0.79083789
      0.77331391
      0.75612975
      0.73926983
      0.72246776
      0.70518368
      0.68697075
      0.66777642
      0.64812739
      0.62877976
      0.61039368
      0.59303969
      0.57597832
      0.55804591
      0.53855539
      0.51760296
      0.49674450
      0.47804065
      0.46243086
      0.44963932
      0.43890797
      0.42967886
      0.42160900
      0.41456245
      0.40850606
      0.40342636
      0.39925077
      0.39577640
      0.39267831
      0.38958448
      0.38629550
      0.38286521
      0.37953737
      0.37651453
      0.37394864
      0.37189695
      0.37034434
      0.36922625
      0.36847724
      0.36798859
      0.36764893
      0.36746681
      0.36757261
      0.36807400
      0.36874003
      0.36884232
      0.36755036
      0.36446106
      0.36025843
      0.35604937
      0.35268216
      0.35039543
      0.34903006
      0.34831120
      0.34806177
      0.34796491
      0.34777858
      0.34752628
      0.34736668
      0.34744853
      0.34779797
      0.34823406
      0.34825968
      0.34752088
      0.34597665
      0.34419542
      0.34296730
      0.34233668
      0.34172769
      0.34086931
      0.34003467
      0.33969656
      0.34021513
      0.34171242
      0.34412203
      0.34732931
      0.35132352
      0.35609525
      0.36159375
      0.36761924
      0.37373465
      0.37983364
      0.38606920
      0.39242026
      0.39885596
      0.40572119
      0.41314720
      0.42002666
      0.42555054
      0.43090609
      0.43769093
      0.44628177
      0.45626003
      0.46705264
      0.47824720
      0.48960837
      0.50100399
      0.51236826
      0.52367926
      0.53487556
      0.54587385
      0.55660830
      0.56710496
      0.57743482
      0.58764397
      0.59775835
      0.60781564
      0.61785866
      0.62792886
      0.63797635
      0.64790198
      0.65758160
      0.66675446
      0.67506477
      0.68252768
      0.68953830
      0.69590518
      0.70078684
      0.70379070
      0.70586214
      0.70800998
      0.71051890
      0.71236018
      0.71226389
      0.71028099
      0.70759268
      0.70530410
      0.70264558
      0.69759417
      0.68889083
      0.67751108
      0.66554146
      0.65453818
      0.64483021
      0.63593571
      0.62735367
      0.61879553
      0.61005492
      0.60089846
      0.59105125
      0.58024687
      0.56866938
      0.55702276
      0.54612927
      0.53653471
      0.52812183
      0.51968321
      0.50950143
      0.49707488
      0.48385873
      0.47177464
      0.46128940
      0.45187675
      0.44313755
      0.43510528
      0.42780292
      0.42090367
      0.41407677
      0.40721084
      0.40020166
      0.39303608
      0.38617987
      0.38031621
      0.37569010
      0.37206601
      0.36907895
      0.36639240
      0.36385622
      0.36148975
      0.35914556
      0.35630750
      0.35271431
      0.34885532
      0.34564087
      0.34359789
      0.34260637
      0.34218691
      0.34174868
      0.34100050
      0.33994135
      0.33871697
      0.33754563
      0.33665969
      0.33610773
      0.33541976
      0.33405347
      0.33205371
      0.32980899
      0.32749925
      0.32529010
      0.32345023
      0.32209363
      0.32110624
      0.32029483
      0.31958129
      0.31878567
      0.31785760
      0.31724360
      0.31718461
      0.31712784
      0.31699142
      0.31757296
      0.31807774
      0.31666506
      0.31323145
      0.30909613
      0.30539050
      0.30235390
      0.29979695
      0.29755320
      0.29565152
      0.29409417
      0.29272502
      0.29142123
      0.29029665
      0.28952407
      0.28894792
      0.28813988
      0.28640431
      0.28338788
      0.28006247
      0.27782995
      0.27707079
      0.27730730
      0.27805711
      0.27887656
      0.27955162
      0.27983885
      0.27978249
      0.27966439
      0.27974773
      0.28024864
      0.28123657
      0.28268413
      0.28460412
      0.28712430
      0.29043511
      0.29465991
      0.29972926
      0.30550635
      0.31196242
      0.31921218
      0.32728875
      0.33579394
      0.34421429
      0.35220075
      0.35978492
      0.36741845
      0.37515992
      0.38295327
      0.39105379
      0.39981947
      0.40939842
      0.41974746
      0.43059028
      0.44107902
      0.44985632
      0.45674221
      0.46314378
      0.47047850
      0.47794411
      0.48386814
      0.48811654
      0.49209993
      0.49740121
      0.50426655
      0.51218936
      0.52059383
      0.52913156
      0.53765107
      0.54619037
      0.55490057
      0.56372686
      0.57217454
      0.57973149
      0.58620495
      0.59164632
      0.59625792
      0.60034366
      0.60432470
      0.60859895
      0.61334489
      0.61847837
      0.62381489
      0.62926309
      0.63480916
      0.64051370
      0.64638910
      0.65225475
      0.65782228
      0.66297027
      0.66791734
      0.67314342
      0.67870745
      0.68346767
      0.68576534
      0.68490703
      0.68169994
      0.67859817
      0.67745037
      0.67837591
      0.68025743
      0.68157568
      0.68125969
      0.67885591
      0.67432167
      0.66859804
      0.66326715
      0.65928801
      0.65678845
      0.65545537
      0.65486166
      0.65439789
      0.65346918
      0.65165194
      0.64885397
      0.64538565
      0.64172740
      0.63821855
      0.63499257
      0.63205372
      0.62937607
      0.62680701
      0.62410950
      0.62119516
      0.61820433
      0.61538045
      0.61284643
      0.61049683
      0.60812502
      0.60563381
      0.60311968
      0.60075067
      0.59856552
      0.59645403
      0.59422737
      0.59160793
      0.58832255
      0.58428364
      0.57954195
      0.57409644
      0.56786895
      0.56108847
      0.55425830
      0.54782379
      0.54196749
      0.53656402
      0.53129052
      0.52586379
      0.52027560
      0.51492117
      0.51019947
      0.50620087
      0.50277218
      0.49968657
      0.49673298
      0.49374126
      0.49060915
      0.48732193
      0.48391113
      0.48041655
      0.47690222
      0.47347169
      0.47022748
      0.46722237
      0.46445120
      0.46186787
      0.45941467
      0.45706798
      0.45480414
      0.45246035
      0.44972344
      0.44640599
      0.44263555
      0.43869072
      0.43450574
      0.42951343
      0.42329648
      0.41625539
      0.40921825
      0.40271479
      0.39678416
      0.39120369
      0.38572246
      0.38023272
      0.37477692
      0.36949578
      0.36448460
      0.35972189
      0.35514884
      0.35076778
      0.34661550
      0.34269987
      0.33895513
      0.33524979
      0.33145296
      0.32749221
      0.32340322
      0.31936054
      0.31555350
      0.31198922
      0.30839646
      0.30444080
      0.30014030
      0.29579335
      0.29165234
      0.28780458
      0.28422226
      0.28082981
      0.27749555
      0.27407816
      0.27055733
      0.26702346
      0.26357113
      0.26021972
      0.25692023
      0.25360632
      0.25024742
      0.24688959
      0.24361821
      0.24049123
      0.23752560
      0.23473062
      0.23214171
      0.22980895
      0.22770061
      0.22564338
      0.22337758
      0.22080037
      0.21792514
      0.21452408
      0.21045993
      0.20593301
      0.20132286
      0.19698492
      0.19312236
      0.18977505
      0.18685423
      0.18420545
      0.18171151
      0.17932479
      0.17700629
      0.17466125
      0.17215585
      0.16938329
      0.16638165
      0.16328050
      0.16020920
      0.15725803
      0.15445921
      0.15179259
      0.14917881
      0.14654307
      0.14390064
      0.14134134
      0.13889950
      0.13649559
      0.13404579
      0.13157136
      0.12917208
      0.12692245
      0.12483294
      0.12287581
      0.12102222
      0.11925114
      0.11752443
      0.11579940
      0.11405819
      0.11229804
      0.11052115
      0.10874899
      0.10701873
      0.10531759
      0.10356869
      0.10172131
     0.099806792
     0.097887339
     0.096013829
     0.094237257
     0.092607233
     0.091133507
     0.089770876
     0.088452775
     0.087125094
     0.085750336
     0.084297248
     0.082760327
     0.081190098
     0.079676175
     0.078290281
     0.077031601
     0.075850742
     0.074716078
     0.073640048
     0.072652580
     0.071758249
     0.070913403
     0.070063091
     0.069194906
     0.068323635
     0.067464551
     0.066628738
     0.065815059
     0.065008685
     0.064196093
     0.063375850
     0.062552664
     0.061730607
     0.060910149
     0.060091796
     0.059278009
     0.058471803
     0.057674994
     0.056888161
     0.056111222
     0.055343765
     0.054585232
     0.053835068
     0.053092741
     0.052357601
     0.051628448
     0.050902626
