       12.755608
       12.719376
       12.683176
       12.647059
       12.611033
       12.575099
       12.539258
       12.503508
       12.467851
       12.432286
       12.396812
       12.361430
       12.326139
       12.290938
       12.255828
       12.220808
       12.185879
       12.151039
       12.116288
       12.081627
       12.047056
       12.012573
       11.978179
       11.943874
       11.909658
       11.875535
       11.841506
       11.807578
       11.773762
       11.740072
       11.706531
       11.673166
       11.640010
       11.607088
       11.574415
       11.541972
       11.509701
       11.477488
       11.445169
       11.412544
       11.379403
       11.345559
       11.310877
       11.275290
       11.238796
       11.201432
       11.163230
       11.124163
       11.084079
       11.042670
       10.999622
       10.955025
       10.909922
       10.866527
       10.827557
       10.794994
       10.769561
       10.751010
       10.738674
       10.731847
       10.729908
       10.732263
       10.738384
       10.747825
       10.760136
       10.774894
       10.791651
       10.809973
       10.829447
       10.849683
       10.870349
       10.891160
       10.911884
       10.932341
       10.952412
       10.972055
       10.991277
       11.010131
       11.028677
       11.046957
       11.064991
       11.082755
       11.100185
       11.117188
       11.133649
       11.149459
       11.164523
       11.178784
       11.192223
       11.204869
       11.216786
       11.228062
       11.238803
       11.249123
       11.259127
       11.268899
       11.278487
       11.287895
       11.297090
       11.306009
       11.314570
       11.322689
       11.330276
       11.337262
       11.343590
       11.349229
       11.354170
       11.358419
       11.361994
       11.364914
       11.367204
       11.368900
       11.370051
       11.370718
       11.370972
       11.370881
       11.370517
       11.369943
       11.369226
       11.368427
       11.367581
       11.366704
       11.365786
       11.364802
       11.363714
       11.362497
       11.361128
       11.359608
       11.357942
       11.356144
       11.354236
       11.352225
       11.350105
       11.347841
       11.345358
       11.342536
       11.339220
       11.335239
       11.330443
       11.324721
       11.318023
       11.310354
       11.301731
       11.292182
       11.281729
       11.270396
       11.258249
       11.245414
       11.232033
       11.218307
       11.204405
       11.190408
       11.176377
       11.162335
       11.148259
       11.134104
       11.119795
       11.105243
       11.090359
       11.075074
       11.059342
       11.043157
       11.026551
       11.009597
       10.992410
       10.975145
       10.957989
       10.941131
       10.924764
       10.909083
       10.894230
       10.880238
       10.866976
       10.854098
       10.840998
       10.826743
       10.810318
       10.790693
       10.767145
       10.739832
       10.709662
       10.677069
       10.643272
       10.609255
       10.575535
       10.542315
       10.509674
       10.477667
       10.446340
       10.415686
       10.385670
       10.356224
       10.327246
       10.298625
       10.270242
       10.241981
       10.213734
       10.185402
       10.156891
       10.128126
       10.099041
       10.069589
       10.039747
       10.009514
       9.9789230
       9.9480430
       9.9169677
       9.8857851
       9.8545121
       9.8230802
       9.7913327
       9.7590981
       9.7262608
       9.6928097
       9.6588383
       9.6244832
       9.5898715
       9.5550779
       9.5201166
       9.4849575
       9.4495484
       9.4138301
       9.3777466
       9.3412555
       9.3043103
       9.2668663
       9.2288814
       9.1903078
       9.1511096
       9.1112656
       9.0707938
       9.0297775
       8.9883802
       8.9468036
       8.9051373
       8.8631171
       8.8202157
       8.7764988
       8.7318907
       8.6860381
       8.6389809
       8.5909837
       8.5422546
       8.4929310
       8.4431515
       8.3931383
       8.3431455
       8.2934041
       8.2440918
       8.1953177
       8.1471732
       8.0997509
       8.0531125
       8.0072851
       7.9622859
       7.9181097
       7.8747395
       7.8321605
       7.7903452
       7.7492743
       7.7089242
       7.6692781
       7.6303180
       7.5920282
       7.5543918
       7.5173887
       7.4809951
       7.4451809
       7.4099124
       7.3751562
       7.3408732
       7.3070019
       7.2734425
       7.2400610
       7.2067207
       7.1733612
       7.1400459
       7.1069316
       7.0741569
       7.0417692
       7.0097212
       6.9779574
       6.9464321
       6.9150667
       6.8837482
       6.8523991
       6.8209866
       6.7894910
       6.7579234
       6.7262798
       6.6945539
       6.6627226
       6.6307527
       6.5986704
       6.5665079
       6.5343303
       6.5022233
       6.4702718
       6.4385396
       6.4070467
       6.3757508
       6.3445581
       6.3133392
       6.2819357
       6.2501724
       6.2178829
       6.1849387
       6.1512655
       6.1168466
       6.0817143
       6.0459362
       6.0096055
       5.9728196
       5.9356738
       5.8982445
       5.8605878
       5.8227301
       5.7846888
       5.7464606
       5.7080351
       5.6693997
       5.6305461
       5.5914690
       5.5521807
       5.5126841
       5.4729976
       5.4331249
       5.3930456
       5.3527108
       5.3120449
       5.2709150
       5.2291467
       5.1864720
       5.1424698
       5.0965444
       5.0480355
       4.9963514
       4.9412656
       4.8830996
       4.8225908
       4.7604482
       4.6971958
       4.6329952
       4.5678619
       4.5018755
       4.4351986
       4.3680277
       4.3006420
       4.2335754
       4.1679098
       4.1051199
       4.0455464
       3.9867331
       3.9254248
       3.8587885
       3.7861504
       3.7096642
       3.6317128
       3.5534915
       3.4752047
       3.3966139
       3.3174228
       3.2373467
       3.1562844
       3.0742709
       2.9915538
       2.9085024
       2.8254466
       2.7426873
       2.6604562
       2.5788724
       2.4980010
       2.4178421
       2.3383671
       2.2595672
       2.1814815
       2.1042438
       2.0280368
       1.9530877
       1.8795953
       1.8076960
       1.7374986
       1.6691025
       1.6026578
       1.5383947
       1.4765951
       1.4175138
       1.3613919
       1.3083835
       1.2585672
       1.2119639
       1.1685729
       1.1283670
       1.0912834
       1.0572486
       1.0261761
      0.99799956
      0.97265480
      0.95002835
      0.93000062
      0.91238710
      0.89694987
      0.88344873
      0.87163876
      0.86130067
      0.85219752
      0.84406560
      0.83660303
      0.82955399
      0.82278629
      0.81638496
      0.81064318
      0.80571276
      0.80156007
      0.79816408
      0.79563317
      0.79430868
      0.79453539
      0.79566204
      0.79558099
      0.79313023
      0.78885231
      0.78334234
      0.77757895
      0.77217385
      0.76702017
      0.76192981
      0.75690249
      0.75200175
      0.74735817
      0.74309814
      0.73934752
      0.73618368
      0.73364952
      0.73175360
      0.73050617
      0.72999833
      0.73039614
      0.73176682
      0.73386267
      0.73628849
      0.73909801
      0.74272562
      0.74762432
      0.75396398
      0.76175901
      0.77093946
      0.78137555
      0.79291291
      0.80542044
      0.81885711
      0.83319925
      0.84841842
      0.86438049
      0.88090821
      0.89805431
      0.91600606
      0.93487126
      0.95455767
      0.97485027
      0.99555888
       1.0165142
       1.0375314
       1.0583618
       1.0787493
       1.0984127
       1.1172048
       1.1351071
       1.1521266
       1.1682253
       1.1832761
       1.1970583
       1.2093814
       1.2200678
       1.2290228
       1.2361690
       1.2413557
       1.2443491
       1.2449091
       1.2429267
       1.2385569
       1.2322080
       1.2243379
       1.2153864
       1.2056189
       1.1951424
       1.1839326
       1.1718686
       1.1587126
       1.1441152
       1.1277632
       1.1094451
       1.0889561
       1.0661857
       1.0412994
       1.0149809
      0.98816572
      0.96167006
      0.93595642
      0.91113978
      0.88718541
      0.86402696
      0.84158597
      0.81978342
      0.79854576
      0.77780522
      0.75751660
      0.73765269
      0.71822783
      0.69929157
      0.68091110
      0.66315558
      0.64607770
      0.62980543
      0.61447588
      0.60001004
      0.58575145
      0.57064043
      0.55436434
      0.53748656
      0.52161350
      0.50825495
      0.49751779
      0.48856377
      0.48056932
      0.47300873
      0.46573890
      0.45892513
      0.45272759
      0.44675306
      0.44074939
      0.43442236
      0.42758029
      0.42098086
      0.41549747
      0.41132720
      0.40813737
      0.40557963
      0.40350906
      0.40189524
      0.40060649
      0.39936906
      0.39800600
      0.39653882
      0.39515294
      0.39403136
      0.39329055
      0.39293141
      0.39286528
      0.39301175
      0.39338247
      0.39406980
      0.39506551
      0.39627608
      0.39754005
      0.39838378
      0.39801447
      0.39602243
      0.39264749
      0.38863210
      0.38487289
      0.38179779
      0.37933424
      0.37763266
      0.37685452
      0.37704866
      0.37816474
      0.38017353
      0.38300175
      0.38659581
      0.39080346
      0.39532380
      0.39954914
      0.40277367
      0.40470753
      0.40581644
      0.40713164
      0.40943750
      0.41293009
      0.41743423
      0.42271349
      0.42863199
      0.43509250
      0.44210395
      0.44963073
      0.45753338
      0.46556935
      0.47369637
      0.48209035
      0.49098948
      0.50050516
      0.51056383
      0.52096366
      0.53150162
      0.54221944
      0.55324509
      0.56454147
      0.57559091
      0.58587285
      0.59548556
      0.60446061
      0.61316039
      0.62148967
      0.62925649
      0.63664045
      0.64394498
      0.65136695
      0.65891058
      0.66648996
      0.67403332
      0.68148673
      0.68880439
      0.69595057
      0.70289772
      0.70964127
      0.71618775
      0.72249664
      0.72845025
      0.73395668
      0.73907362
      0.74387526
      0.74834488
      0.75233988
      0.75553315
      0.75789374
      0.75977057
      0.76163700
      0.76332531
      0.76383684
      0.76204940
      0.75681426
      0.74836724
      0.73864680
      0.72953870
      0.72139676
      0.71330477
      0.70430735
      0.69418265
      0.68327259
      0.67204870
      0.66088489
      0.65000213
      0.63944875
      0.62913740
      0.61900146
      0.60908832
      0.59947416
      0.59020166
      0.58129456
      0.57268212
      0.56406305
      0.55531366
      0.54669453
      0.53840687
      0.52980193
      0.51971693
      0.50748241
      0.49367300
      0.47969094
      0.46667198
      0.45496214
      0.44442593
      0.43484185
      0.42605706
      0.41806023
      0.41097613
      0.40498787
      0.40013605
      0.39618092
      0.39278604
      0.38985883
      0.38757385
      0.38605505
      0.38489605
      0.38333738
      0.38087914
      0.37763018
      0.37408528
      0.37094144
      0.36862971
      0.36704870
      0.36573509
      0.36443208
      0.36330994
      0.36266926
      0.36254228
      0.36238677
      0.36142926
      0.35945668
      0.35684780
      0.35440703
      0.35269395
      0.35172612
      0.35115032
      0.35032293
      0.34877776
      0.34646471
      0.34391065
      0.34174363
      0.34020269
      0.33907907
      0.33792110
      0.33649035
      0.33482629
      0.33304587
      0.33132201
      0.32981247
      0.32860000
      0.32770085
      0.32724477
      0.32728559
      0.32746896
      0.32741606
      0.32728383
      0.32706278
      0.32693605
      0.32592799
      0.32284220
      0.31759163
      0.31150156
      0.30588468
      0.30121153
      0.29771297
      0.29566548
      0.29494169
      0.29511420
      0.29575782
      0.29660961
      0.29756263
      0.29865214
      0.30002304
      0.30188372
      0.30427627
      0.30706344
      0.31010435
      0.31341493
      0.31715757
      0.32158615
      0.32688465
      0.33310443
      0.34021576
      0.34792685
      0.35577928
      0.36347776
      0.37101122
      0.37832071
      0.38495072
      0.39052303
      0.39516707
      0.39969442
      0.40546243
      0.41289600
      0.42078245
      0.42790983
      0.43411666
      0.44053639
      0.44812468
      0.45699279
      0.46622182
      0.47467573
      0.48209148
      0.48930924
      0.49735619
      0.50661713
      0.51667462
      0.52674855
      0.53636106
      0.54560773
      0.55492153
      0.56428325
      0.57263475
      0.57843477
      0.58134736
      0.58239752
      0.58346175
      0.58602558
      0.59038734
      0.59611606
      0.60260702
      0.60940985
      0.61620981
      0.62285672
      0.62940075
      0.63598141
      0.64262607
      0.64918282
      0.65546812
      0.66141575
      0.66719274
      0.67308721
      0.67915209
      0.68490750
      0.68961577
      0.69260855
      0.69404743
      0.69472785
      0.69516260
      0.69531551
      0.69504798
      0.69442545
      0.69327224
      0.69067711
      0.68594032
      0.67982964
      0.67444189
      0.67094949
      0.66928272
      0.66889618
      0.66933079
      0.67023251
      0.67119668
      0.67178765
      0.67170120
      0.67086931
      0.66944707
      0.66775080
      0.66606575
      0.66453232
      0.66317119
      0.66201004
      0.66116594
      0.66080091
      0.66095550
      0.66137866
      0.66155320
      0.66090734
      0.65907626
      0.65609645
      0.65242096
      0.64866876
      0.64534455
      0.64260475
      0.64007683
      0.63696909
      0.63271942
      0.62745140
      0.62150212
      0.61510772
      0.60844340
      0.60175315
      0.59522150
      0.58889848
      0.58279717
      0.57704780
      0.57188348
      0.56740968
      0.56348856
      0.55979538
      0.55595071
      0.55160791
      0.54659936
      0.54097322
      0.53490515
      0.52867343
      0.52258490
      0.51684664
      0.51149090
      0.50643341
      0.50161068
      0.49702043
      0.49268365
      0.48863536
      0.48491065
      0.48151383
      0.47834556
      0.47514223
      0.47148514
      0.46708736
      0.46210558
      0.45692905
      0.45167910
      0.44612684
      0.44022904
      0.43430999
      0.42865629
      0.42325069
      0.41788629
      0.41246243
      0.40710082
      0.40203768
      0.39745210
      0.39336229
      0.38965346
      0.38615658
      0.38268046
      0.37900168
      0.37495318
      0.37055590
      0.36599372
      0.36150182
      0.35729039
      0.35348499
      0.35009307
      0.34701095
      0.34408847
      0.34120698
      0.33835575
      0.33560012
      0.33293590
      0.33029696
      0.32769540
      0.32517203
      0.32239871
      0.31862304
      0.31338107
      0.30692652
      0.30002474
      0.29342806
      0.28746629
      0.28213671
      0.27735696
      0.27309639
      0.26931291
      0.26588792
      0.26260519
      0.25923038
      0.25566387
      0.25199781
      0.24841776
      0.24507328
      0.24201521
      0.23919947
      0.23651320
      0.23379859
      0.23085799
      0.22752483
      0.22379119
      0.21982648
      0.21589708
      0.21217885
      0.20866095
      0.20524209
      0.20186546
      0.19855885
      0.19537112
      0.19232976
      0.18946052
      0.18677980
      0.18427886
      0.18191788
      0.17965141
      0.17743268
      0.17520201
      0.17293216
      0.17065684
      0.16840597
      0.16614031
      0.16374202
      0.16124990
      0.15891395
      0.15669048
      0.15430922
      0.15175487
      0.14923321
      0.14691577
      0.14478974
      0.14272453
      0.14065098
      0.13854892
      0.13640179
      0.13414946
      0.13174956
      0.12925523
      0.12676061
      0.12429939
      0.12182616
      0.11932362
      0.11683436
      0.11440455
      0.11206820
      0.10985011
      0.10776012
      0.10579687
      0.10395762
      0.10221716
      0.10052134
     0.098823039
     0.097104590
     0.095386566
     0.093711039
     0.092118805
     0.090630889
     0.089242765
     0.087925614
     0.086632711
     0.085337758
     0.084037686
     0.082746208
     0.081516670
     0.080378346
     0.079288599
     0.078202157
     0.077117101
     0.076049213
     0.075011219
     0.074017757
     0.073081051
     0.072202535
     0.071384714
     0.070618843
     0.069874844
     0.069117218
     0.068324483
     0.067485856
     0.066590650
     0.065635629
     0.064647334
     0.063674333
     0.062740394
     0.061838985
     0.060959356
     0.060101440
     0.059268140
     0.058457049
     0.057662086
     0.056878575
     0.056104602
     0.055339463
     0.054582604
     0.053833538
     0.053091878
     0.052357124
     0.051628185
     0.050902462
