       12.755648
       12.719383
       12.683178
       12.647059
       12.611033
       12.575099
       12.539258
       12.503508
       12.467851
       12.432286
       12.396812
       12.361430
       12.326139
       12.290938
       12.255828
       12.220808
       12.185879
       12.151039
       12.116288
       12.081628
       12.047056
       12.012573
       11.978179
       11.943875
       11.909662
       11.875542
       11.841521
       11.807607
       11.773814
       11.740166
       11.706692
       11.673433
       11.640433
       11.607730
       11.575339
       11.543231
       11.511303
       11.479369
       11.447165
       11.414394
       11.380730
       11.345911
       11.309761
       11.272169
       11.233033
       11.192167
       11.149209
       11.103580
       11.054528
       11.001293
       10.943415
       10.881178
       10.816046
       10.750701
       10.688440
       10.632011
       10.582970
       10.541749
       10.508122
       10.481623
       10.461721
       10.447733
       10.438818
       10.434001
       10.432281
       10.432722
       10.434508
       10.436994
       10.439703
       10.442316
       10.444652
       10.446644
       10.448283
       10.449629
       10.450779
       10.451853
       10.452998
       10.454340
       10.455974
       10.457970
       10.460340
       10.463081
       10.466145
       10.469454
       10.472899
       10.476341
       10.479624
       10.482594
       10.485107
       10.487043
       10.488329
       10.488928
       10.488837
       10.488066
       10.486632
       10.484556
       10.481866
       10.478602
       10.474811
       10.470542
       10.465847
       10.460782
       10.455417
       10.449817
       10.444036
       10.438103
       10.432020
       10.425769
       10.419315
       10.412625
       10.405668
       10.398426
       10.390893
       10.383079
       10.374997
       10.366673
       10.358135
       10.349426
       10.340596
       10.331701
       10.322796
       10.313929
       10.305147
       10.296479
       10.287945
       10.279552
       10.271292
       10.263145
       10.255070
       10.246996
       10.238862
       10.230606
       10.222191
       10.213606
       10.204856
       10.195970
       10.186936
       10.177698
       10.168163
       10.158183
       10.147634
       10.136479
       10.124799
       10.112698
       10.100241
       10.087466
       10.074390
       10.061025
       10.047390
       10.033529
       10.019480
       10.005262
       9.9909871
       9.9768896
       9.9631819
       9.9499567
       9.9370265
       9.9242056
       9.9114466
       9.8987511
       9.8861244
       9.8735742
       9.8611160
       9.8487604
       9.8365008
       9.8243184
       9.8122024
       9.8001618
       9.7882240
       9.7764296
       9.7648010
       9.7533594
       9.7420915
       9.7309844
       9.7200131
       9.7091455
       9.6983346
       9.6875286
       9.6766625
       9.6656750
       9.6545165
       9.6431350
       9.6315097
       9.6196213
       9.6074703
       9.5950621
       9.5824030
       9.5695025
       9.5563652
       9.5429974
       9.5293952
       9.5155591
       9.5014752
       9.4871384
       9.4725405
       9.4576722
       9.4425217
       9.4270784
       9.4113367
       9.3952951
       9.3789415
       9.3622792
       9.3453058
       9.3280317
       9.3104535
       9.2925750
       9.2744035
       9.2559413
       9.2371918
       9.2181586
       9.1988586
       9.1793072
       9.1595181
       9.1395029
       9.1192818
       9.0988799
       9.0783223
       9.0576345
       9.0368418
       9.0159667
       8.9950289
       8.9740443
       8.9530194
       8.9319579
       8.9108619
       8.8897302
       8.8685695
       8.8473848
       8.8261795
       8.8049571
       8.7837298
       8.7624903
       8.7412381
       8.7199830
       8.6987163
       8.6774476
       8.6562097
       8.6350436
       8.6140347
       8.5932582
       8.5727559
       8.5525004
       8.5323257
       8.5119177
       8.4909172
       8.4689741
       8.4459158
       8.4217805
       8.3967402
       8.3710553
       8.3449491
       8.3185978
       8.2921786
       8.2657651
       8.2395078
       8.2136893
       8.1886743
       8.1648165
       8.1420324
       8.1194214
       8.0955342
       8.0691466
       8.0397949
       8.0078683
       7.9744596
       7.9410227
       7.9083452
       7.8768432
       7.8469798
       7.8188979
       7.7925124
       7.7677227
       7.7446704
       7.7233364
       7.7035809
       7.6853756
       7.6687233
       7.6536207
       7.6400590
       7.6280293
       7.6175274
       7.6085439
       7.6010616
       7.5950542
       7.5904841
       7.5873107
       7.5854971
       7.5850180
       7.5858832
       7.5881571
       7.5919604
       7.5975525
       7.6050937
       7.6144434
       7.6251834
       7.6359028
       7.6442956
       7.6481598
       7.6469114
       7.6426091
       7.6380921
       7.6330812
       7.6276900
       7.6216347
       7.6149588
       7.6076771
       7.5999117
       7.5918394
       7.5835413
       7.5750295
       7.5662467
       7.5570370
       7.5471707
       7.5363874
       7.5244231
       7.5110439
       7.4961457
       7.4797459
       7.4620136
       7.4432660
       7.4238122
       7.4040185
       7.3841443
       7.3644377
       7.3450671
       7.3261248
       7.3076530
       7.2898067
       7.2733377
       7.2605731
       7.2561820
       7.2644977
       7.2826601
       7.2975099
       7.2952467
       7.2694733
       7.2258928
       7.1765048
       7.1269154
       7.0773932
       7.0267692
       6.9739091
       6.9177572
       6.8575732
       6.7930790
       6.7243430
       6.6515748
       6.5749722
       6.4947216
       6.4109381
       6.3236919
       6.2331075
       6.1394071
       6.0429360
       5.9441480
       5.8435376
       5.7415362
       5.6384263
       5.5342948
       5.4290489
       5.3225182
       5.2145386
       5.1049667
       4.9937099
       4.8807151
       4.7658575
       4.6490511
       4.5302501
       4.4094455
       4.2868010
       4.1624575
       4.0367786
       3.9102023
       3.7834177
       3.6571524
       3.5321609
       3.4092516
       3.2893472
       3.1737971
       3.0642448
       2.9619179
       2.8654179
       2.7703357
       2.6739111
       2.5768757
       2.4819709
       2.3930855
       2.3110830
       2.2349141
       2.1639325
       2.0980651
       2.0373863
       1.9818119
       1.9311791
       1.8852404
       1.8437421
       1.8063825
       1.7728052
       1.7426148
       1.7154310
       1.6908411
       1.6685347
       1.6481491
       1.6295484
       1.6125251
       1.5970039
       1.5828377
       1.5699029
       1.5580624
       1.5472922
       1.5377791
       1.5300079
       1.5246591
       1.5221976
       1.5220012
       1.5221341
       1.5208594
       1.5187795
       1.5166055
       1.5143345
       1.5123397
       1.5108090
       1.5097341
       1.5094674
       1.5103368
       1.5116655
       1.5116210
       1.5078371
       1.5001358
       1.4925966
       1.4860604
       1.4806238
       1.4771611
       1.4759912
       1.4771142
       1.4797745
       1.4834229
       1.4881017
       1.4946156
       1.5035122
       1.5149842
       1.5291089
       1.5458125
       1.5649772
       1.5864305
       1.6100876
       1.6358916
       1.6635943
       1.6929081
       1.7234903
       1.7548943
       1.7867094
       1.8187874
       1.8513426
       1.8849602
       1.9204187
       1.9582418
       1.9985338
       2.0410874
       2.0854280
       2.1310843
       2.1776552
       2.2247901
       2.2721892
       2.3195284
       2.3664382
       2.4124550
       2.4568320
       2.4985315
       2.5364504
       2.5697247
       2.5981464
       2.6221045
       2.6423035
       2.6593460
       2.6734481
       2.6845687
       2.6929035
       2.6987891
       2.7021482
       2.7019488
       2.6967597
       2.6858448
       2.6696317
       2.6492426
       2.6258355
       2.5999038
       2.5716461
       2.5411514
       2.5084825
       2.4738630
       2.4376835
       2.4003724
       2.3623151
       2.3237427
       2.2846711
       2.2450076
       2.2045876
       2.1632591
       2.1210324
       2.0780728
       2.0347100
       1.9914691
       1.9486143
       1.9060304
       1.8630807
       1.8188773
       1.7731449
       1.7264556
       1.6798341
       1.6341070
       1.5894968
       1.5458856
       1.5033416
       1.4622278
       1.4230285
       1.3861393
       1.3519314
       1.3205502
       1.2919653
       1.2659908
       1.2424438
       1.2212497
       1.2023880
       1.1857585
       1.1711465
       1.1582443
       1.1466556
       1.1361035
       1.1264161
       1.1175781
       1.1095119
       1.1020662
       1.0950833
       1.0884953
       1.0825942
       1.0776689
       1.0739425
       1.0712996
       1.0691862
       1.0672418
       1.0652606
       1.0631171
       1.0608500
       1.0586408
       1.0566398
       1.0550079
       1.0538441
       1.0532193
       1.0531743
       1.0535236
       1.0537943
       1.0534649
       1.0522340
       1.0500186
       1.0466739
       1.0418996
       1.0354824
       1.0277870
       1.0173733
       1.0039397
      0.98940308
      0.97754431
      0.97009521
      0.96548108
      0.96203990
      0.95897000
      0.95590097
      0.95272605
      0.94939572
      0.94610552
      0.94285582
      0.93984439
      0.93738367
      0.93565574
      0.93450926
      0.93366447
      0.93299485
      0.93292230
      0.93478711
      0.93965979
      0.94776487
      0.95876680
      0.97217905
      0.98787487
       1.0058192
       1.0260509
       1.0486466
       1.0734482
       1.0998886
       1.1269959
       1.1532602
       1.1782715
       1.2023206
       1.2266381
       1.2522937
       1.2798564
       1.3094960
       1.3405366
       1.3720863
       1.4033872
       1.4339083
       1.4633131
       1.4913679
       1.5178056
       1.5422642
       1.5645008
       1.5849139
       1.6039205
       1.6216513
       1.6383265
       1.6541769
       1.6691755
       1.6833600
       1.6964756
       1.7084631
       1.7190518
       1.7276946
       1.7341523
       1.7381789
       1.7390623
       1.7366317
       1.7317180
       1.7239601
       1.7103929
       1.6891230
       1.6635548
       1.6415032
       1.6261046
       1.6160667
       1.6077867
       1.5983088
       1.5867292
       1.5726957
       1.5571883
       1.5416003
       1.5263046
       1.5111306
       1.4961174
       1.4812373
       1.4657221
       1.4478277
       1.4259138
       1.3999638
       1.3722920
       1.3454390
       1.3203750
       1.2967970
       1.2739461
       1.2509090
       1.2272100
       1.2033453
       1.1806465
       1.1603795
       1.1421950
       1.1237912
       1.1029052
       1.0796806
       1.0556334
       1.0322721
       1.0107829
      0.99212000
      0.97654798
      0.96323438
      0.95092834
      0.93903391
      0.92788154
      0.91794331
      0.90926964
      0.90159332
      0.89474302
      0.88891310
      0.88363170
      0.87735174
      0.86879728
      0.85832073
      0.84762899
      0.83807518
      0.82991003
      0.82203060
      0.81348167
      0.80339509
      0.79029303
      0.77587365
      0.76133522
      0.74568928
      0.72919389
      0.71473721
      0.70586970
      0.70231051
      0.70192725
      0.70290007
      0.70433112
      0.70544064
      0.70596242
      0.70617319
      0.70643442
      0.70679686
      0.70720722
      0.70770479
      0.70849279
      0.70958950
      0.71011950
      0.70887592
      0.70527768
      0.70086727
      0.69699581
      0.69149004
      0.68149189
      0.66757362
      0.65360968
      0.64212692
      0.63312168
      0.62541313
      0.61832403
      0.61172904
      0.60515092
      0.59885690
      0.59334746
      0.58851522
      0.58389453
      0.57917199
      0.57354924
      0.56580411
      0.55631213
      0.54647973
      0.53740480
      0.53045723
      0.52588748
      0.52251860
      0.51902579
      0.51524521
      0.51181296
      0.50920946
      0.50741952
      0.50618518
      0.50521028
      0.50436511
      0.50374512
      0.50360723
      0.50413935
      0.50535734
      0.50716338
      0.50951896
      0.51250793
      0.51618245
      0.52060452
      0.52564290
      0.53117332
      0.53727489
      0.54433842
      0.55258415
      0.56153730
      0.56975590
      0.57590478
      0.58015074
      0.58360519
      0.58776420
      0.59299155
      0.59970930
      0.60852998
      0.61817276
      0.62601887
      0.63056951
      0.63295726
      0.63518536
      0.63815389
      0.64194332
      0.64629399
      0.65108041
      0.65628778
      0.66183718
      0.66758236
      0.67325381
      0.67843245
      0.68278318
      0.68643701
      0.68974185
      0.69290411
      0.69600852
      0.69914937
      0.70218802
      0.70442345
      0.70518713
      0.70488360
      0.70450815
      0.70495941
      0.70583137
      0.70621625
      0.70566459
      0.70430682
      0.70259920
      0.70102190
      0.69978902
      0.69876878
      0.69760598
      0.69596910
      0.69385070
      0.69155157
      0.68941931
      0.68765764
      0.68617464
      0.68467446
      0.68289844
      0.68077930
      0.67851399
      0.67642004
      0.67441495
      0.67176641
      0.66757011
      0.66159301
      0.65463822
      0.64736289
      0.63990208
      0.63259863
      0.62592245
      0.61995880
      0.61421861
      0.60761189
      0.59948002
      0.59052379
      0.58173209
      0.57344902
      0.56543853
      0.55753029
      0.54979444
      0.54229970
      0.53514865
      0.52847230
      0.52243407
      0.51710967
      0.51242220
      0.50823048
      0.50444909
      0.50102908
      0.49783903
      0.49465684
      0.49125234
      0.48752295
      0.48353896
      0.47945997
      0.47544219
      0.47154695
      0.46765291
      0.46369276
      0.45994295
      0.45669064
      0.45371966
      0.45076943
      0.44825045
      0.44648513
      0.44429919
      0.43953584
      0.43161628
      0.42181805
      0.41191897
      0.40264958
      0.39383035
      0.38528564
      0.37713777
      0.36967213
      0.36308556
      0.35729730
      0.35211332
      0.34719694
      0.34229202
      0.33748899
      0.33303768
      0.32906704
      0.32554297
      0.32232486
      0.31925529
      0.31626539
      0.31336444
      0.31051528
      0.30746413
      0.30379374
      0.29938023
      0.29467780
      0.29028111
      0.28632429
      0.28265417
      0.27916912
      0.27588008
      0.27278468
      0.26978146
      0.26673302
      0.26360054
      0.26050813
      0.25775038
      0.25559578
      0.25384799
      0.25197116
      0.24973639
      0.24731705
      0.24496978
      0.24281186
      0.24083489
      0.23901188
      0.23730507
      0.23566441
      0.23398643
      0.23212196
      0.23001497
      0.22788474
      0.22585136
      0.22364186
      0.22135610
      0.21956022
      0.21770452
      0.21472073
      0.21069104
      0.20642045
      0.20264254
      0.19972555
      0.19759690
      0.19604609
      0.19490622
      0.19404312
      0.19324009
      0.19220022
      0.19062317
      0.18828965
      0.18517648
      0.18144922
      0.17750379
      0.17385320
      0.17075637
      0.16808439
      0.16571377
      0.16355574
      0.16149434
      0.15942134
      0.15732684
      0.15524973
      0.15314274
      0.15090303
      0.14856604
      0.14634443
      0.14440767
      0.14276891
      0.14134520
      0.14002872
      0.13871133
      0.13732400
      0.13586814
      0.13439951
      0.13299106
      0.13170561
      0.13056370
      0.12951455
      0.12852241
      0.12761896
      0.12677629
      0.12590382
      0.12504157
      0.12422307
      0.12328556
      0.12202252
      0.12044551
      0.11874547
      0.11706386
      0.11543910
      0.11390914
      0.11253141
      0.11127947
      0.11002606
      0.10863475
      0.10698240
      0.10518393
      0.10344918
      0.10189772
      0.10048107
     0.099034889
     0.097368172
     0.095465486
     0.093518682
     0.091703114
     0.090067351
     0.088615741
     0.087352054
     0.086249293
     0.085245364
     0.084263414
     0.083237503
     0.082157471
     0.081079950
     0.080062060
     0.079116456
     0.078217234
     0.077331214
     0.076450824
     0.075603473
     0.074810452
     0.074067894
     0.073374434
     0.072723904
     0.072061800
     0.071302655
     0.070419129
     0.069466391
     0.068518066
     0.067607980
     0.066734056
     0.065885122
     0.065058423
     0.064256114
     0.063471367
     0.062687314
     0.061888419
     0.061068801
     0.060233407
     0.059393605
     0.058560511
     0.057740361
     0.056934163
     0.056140814
     0.055360031
     0.054592261
     0.053837073
     0.053092766
     0.052357178
     0.051628085
     0.050902367
