       12.755614
       12.719377
       12.683177
       12.647059
       12.611033
       12.575099
       12.539258
       12.503508
       12.467851
       12.432286
       12.396812
       12.361430
       12.326139
       12.290938
       12.255828
       12.220808
       12.185879
       12.151039
       12.116288
       12.081628
       12.047056
       12.012573
       11.978180
       11.943877
       11.909665
       11.875550
       11.841540
       11.807649
       11.773902
       11.740339
       11.707019
       11.674020
       11.641432
       11.609344
       11.577812
       11.546819
       11.516236
       11.485799
       11.455121
       11.423729
       11.391138
       11.356922
       11.320746
       11.282364
       11.241569
       11.198133
       11.151765
       11.102135
       11.049014
       10.992591
       10.933877
       10.875064
       10.819463
       10.770749
       10.731679
       10.703088
       10.684286
       10.673854
       10.670225
       10.672099
       10.678457
       10.688453
       10.701281
       10.716159
       10.732340
       10.749160
       10.766063
       10.782617
       10.798527
       10.813612
       10.827804
       10.841137
       10.853737
       10.865813
       10.877627
       10.889458
       10.901560
       10.914138
       10.927344
       10.941279
       10.955983
       10.971438
       10.987551
       11.004164
       11.021044
       11.037912
       11.054464
       11.070393
       11.085404
       11.099252
       11.111781
       11.122916
       11.132661
       11.141082
       11.148285
       11.154403
       11.159621
       11.164132
       11.168126
       11.171778
       11.175231
       11.178593
       11.181933
       11.185287
       11.188652
       11.191995
       11.195257
       11.198356
       11.201200
       11.203697
       11.205759
       11.207305
       11.208268
       11.208586
       11.208212
       11.207116
       11.205288
       11.202742
       11.199524
       11.195699
       11.191353
       11.186589
       11.181514
       11.176237
       11.170858
       11.165463
       11.160121
       11.154881
       11.149774
       11.144802
       11.139950
       11.135177
       11.130425
       11.125624
       11.120691
       11.115541
       11.110082
       11.104233
       11.097912
       11.091058
       11.083621
       11.075577
       11.066925
       11.057686
       11.047897
       11.037614
       11.026901
       11.015823
       11.004457
       10.992868
       10.981088
       10.969151
       10.957083
       10.944894
       10.932586
       10.920146
       10.907552
       10.894769
       10.881758
       10.868469
       10.854850
       10.840851
       10.826430
       10.811558
       10.796215
       10.780398
       10.764110
       10.747366
       10.730186
       10.712597
       10.694633
       10.676333
       10.657749
       10.638926
       10.619870
       10.600587
       10.581069
       10.561286
       10.541177
       10.520651
       10.499582
       10.477831
       10.455261
       10.431661
       10.406950
       10.381121
       10.354146
       10.326027
       10.296791
       10.266494
       10.235205
       10.203011
       10.170007
       10.136291
       10.101960
       10.067106
       10.031811
       9.9961464
       9.9601712
       9.9239354
       9.8874767
       9.8508227
       9.8139949
       9.7770084
       9.7398787
       9.7026209
       9.6652537
       9.6277995
       9.5902844
       9.5527443
       9.5152171
       9.4777324
       9.4403097
       9.4029399
       9.3655868
       9.3282212
       9.2908163
       9.2533694
       9.2159053
       9.1784600
       9.1410723
       9.1037780
       9.0666087
       9.0295945
       8.9927710
       8.9561726
       8.9198455
       8.8838340
       8.8481712
       8.8128133
       8.7776341
       8.7424057
       8.7068769
       8.6708810
       8.6343056
       8.5970085
       8.5588507
       8.5197174
       8.4796659
       8.4388401
       8.3973580
       8.3552854
       8.3126755
       8.2696225
       8.2261902
       8.1824368
       8.1384357
       8.0942645
       8.0499912
       8.0056963
       7.9614402
       7.9172794
       7.8732491
       7.8293888
       7.7857176
       7.7422451
       7.6989831
       7.6559227
       7.6130654
       7.5704097
       7.5279597
       7.4857450
       7.4437922
       7.4021539
       7.3608827
       7.3200264
       7.2796338
       7.2397280
       7.2003151
       7.1613886
       7.1229287
       7.0849092
       7.0473111
       7.0101366
       6.9734132
       6.9372025
       6.9016133
       6.8668117
       6.8330269
       6.8005077
       6.7694156
       6.7396530
       6.7107453
       6.6818126
       6.6518811
       6.6202578
       6.5867110
       6.5515035
       6.5153568
       6.4791207
       6.4434456
       6.4087439
       6.3752084
       6.3428590
       6.3116048
       6.2812994
       6.2518037
       6.2229796
       6.1946736
       6.1667225
       6.1389342
       6.1110877
       6.0829966
       6.0545234
       6.0255540
       5.9960058
       5.9658340
       5.9350152
       5.9035472
       5.8714514
       5.8387462
       5.8054606
       5.7716392
       5.7373211
       5.7025619
       5.6674132
       5.6319147
       5.5961155
       5.5600352
       5.5236955
       5.4871025
       5.4502531
       5.4131419
       5.3757593
       5.3380853
       5.3000874
       5.2617102
       5.2228706
       5.1834563
       5.1433268
       5.1023270
       5.0603094
       5.0171347
       4.9726561
       4.9266649
       4.8788575
       4.8288758
       4.7764189
       4.7213338
       4.6636305
       4.6034609
       4.5410707
       4.4767605
       4.4108626
       4.3437239
       4.2756723
       4.2070193
       4.1380337
       4.0689706
       4.0000740
       3.9315634
       3.8636272
       3.7960289
       3.7279653
       3.6583880
       3.5868354
       3.5136366
       3.4397241
       3.3661151
       3.2930655
       3.2202755
       3.1473321
       3.0738862
       2.9997672
       2.9249667
       2.8495339
       2.7735993
       2.6971883
       2.6203940
       2.5433687
       2.4663480
       2.3896222
       2.3134967
       2.2383516
       2.1650205
       2.0947095
       2.0276805
       1.9626970
       1.8980998
       1.8323080
       1.7651710
       1.6976621
       1.6308351
       1.5655825
       1.5027590
       1.4427147
       1.3854352
       1.3308749
       1.2790699
       1.2301521
       1.1842665
       1.1416018
       1.1023000
       1.0663699
       1.0337045
       1.0041272
      0.97742514
      0.95337663
      0.93178200
      0.91245183
      0.89530155
      0.88059281
      0.86860737
      0.85935925
      0.85127429
      0.84205155
      0.83151790
      0.82015052
      0.80895052
      0.79897301
      0.79009380
      0.78195174
      0.77441177
      0.76755013
      0.76138993
      0.75590214
      0.75098697
      0.74649785
      0.74226605
      0.73811522
      0.73388428
      0.72949755
      0.72496727
      0.72046826
      0.71629620
      0.71287995
      0.71066043
      0.70987198
      0.71033034
      0.71132391
      0.71191006
      0.71096320
      0.70794475
      0.70363922
      0.69937627
      0.69607133
      0.69385940
      0.69258996
      0.69209300
      0.69226444
      0.69310500
      0.69469414
      0.69712145
      0.70040898
      0.70449500
      0.70930289
      0.71485394
      0.72132895
      0.72898346
      0.73804771
      0.74862984
      0.76071243
      0.77422388
      0.78899482
      0.80472225
      0.82098481
      0.83740883
      0.85390471
      0.87062897
      0.88772970
      0.90523141
      0.92306839
      0.94114837
      0.95937486
      0.97761441
      0.99572563
       1.0135831
       1.0310493
       1.0479922
       1.0642736
       1.0797475
       1.0942877
       1.1077616
       1.1200971
       1.1312420
       1.1411626
       1.1498321
       1.1571891
       1.1630949
       1.1673764
       1.1697876
       1.1700425
       1.1679491
       1.1633738
       1.1562874
       1.1468808
       1.1355700
       1.1228209
       1.1089082
       1.0939634
       1.0780882
       1.0613682
       1.0438996
       1.0257829
       1.0070559
      0.98776715
      0.96796061
      0.94770466
      0.92714541
      0.90651784
      0.88598565
      0.86540565
      0.84441566
      0.82281412
      0.80085520
      0.77905628
      0.75771953
      0.73680981
      0.71623716
      0.69603256
      0.67630839
      0.65726365
      0.63896954
      0.62138117
      0.60434661
      0.58783896
      0.57177168
      0.55607930
      0.54040331
      0.52475640
      0.50965244
      0.49551003
      0.48239195
      0.47028463
      0.45923846
      0.44930500
      0.44050883
      0.43281648
      0.42615353
      0.42047230
      0.41573567
      0.41182005
      0.40859446
      0.40586225
      0.40300887
      0.39955471
      0.39557247
      0.39145053
      0.38772050
      0.38462994
      0.38218920
      0.38030829
      0.37897860
      0.37818753
      0.37792167
      0.37810888
      0.37863749
      0.37943081
      0.38045993
      0.38163682
      0.38277221
      0.38364619
      0.38398055
      0.38388578
      0.38375429
      0.38398793
      0.38478163
      0.38578989
      0.38609692
      0.38478789
      0.38162903
      0.37746963
      0.37327674
      0.36941967
      0.36613621
      0.36358811
      0.36134726
      0.35895673
      0.35645455
      0.35421651
      0.35278153
      0.35250084
      0.35337284
      0.35523290
      0.35793166
      0.36144923
      0.36551820
      0.36951675
      0.37296474
      0.37598512
      0.37982501
      0.38532187
      0.39237348
      0.40057140
      0.40964852
      0.41942964
      0.42998655
      0.44152760
      0.45370643
      0.46575243
      0.47701131
      0.48707820
      0.49638049
      0.50598007
      0.51674308
      0.52861362
      0.54116384
      0.55441221
      0.56863525
      0.58357777
      0.59806227
      0.61080868
      0.62146976
      0.63049406
      0.63825870
      0.64482371
      0.65047153
      0.65583112
      0.66159001
      0.66793590
      0.67470183
      0.68161142
      0.68841725
      0.69485591
      0.70089669
      0.70675194
      0.71251459
      0.71793768
      0.72261512
      0.72591726
      0.72770368
      0.72862317
      0.72949100
      0.73046116
      0.73075947
      0.72939778
      0.72599488
      0.72095572
      0.71475269
      0.70765315
      0.69985696
      0.69157086
      0.68303848
      0.67446428
      0.66592105
      0.65734291
      0.64855753
      0.63929965
      0.62937424
      0.61896155
      0.60873690
      0.59927335
      0.59067052
      0.58265341
      0.57480221
      0.56673902
      0.55836142
      0.54987280
      0.54152858
      0.53359936
      0.52624408
      0.51945865
      0.51336343
      0.50768397
      0.50117680
      0.49255969
      0.48182971
      0.47014614
      0.45869570
      0.44808243
      0.43842867
      0.42978032
      0.42214333
      0.41543614
      0.40949626
      0.40415478
      0.39928290
      0.39484780
      0.39084892
      0.38724097
      0.38392420
      0.38085693
      0.37808931
      0.37552754
      0.37277085
      0.36991803
      0.36776502
      0.36589491
      0.36325768
      0.35989062
      0.35611671
      0.35232507
      0.34906929
      0.34657501
      0.34478113
      0.34354739
      0.34269822
      0.34211491
      0.34159124
      0.34096588
      0.34019236
      0.33939922
      0.33894245
      0.33904255
      0.33932891
      0.33890299
      0.33744921
      0.33528093
      0.33296604
      0.33094909
      0.32939990
      0.32811115
      0.32671087
      0.32510178
      0.32363773
      0.32265071
      0.32210159
      0.32177306
      0.32175478
      0.32231602
      0.32299236
      0.32251655
      0.31998491
      0.31583081
      0.31074051
      0.30588284
      0.30222129
      0.29992969
      0.29873378
      0.29815010
      0.29771401
      0.29719180
      0.29653692
      0.29551862
      0.29454659
      0.29405340
      0.29422939
      0.29499880
      0.29594186
      0.29683406
      0.29780693
      0.29936694
      0.30162493
      0.30402462
      0.30610572
      0.30796550
      0.30965645
      0.31084362
      0.31146488
      0.31202505
      0.31361890
      0.31679110
      0.32134378
      0.32689632
      0.33318103
      0.34005380
      0.34739889
      0.35510769
      0.36317909
      0.37170473
      0.38088215
      0.39082877
      0.40145130
      0.41249748
      0.42378584
      0.43533816
      0.44719597
      0.45924628
      0.47107266
      0.48227225
      0.49270300
      0.50226805
      0.51069385
      0.51764928
      0.52331098
      0.52845614
      0.53384869
      0.53974648
      0.54579718
      0.55140044
      0.55645383
      0.56156883
      0.56731151
      0.57366175
      0.58024606
      0.58680750
      0.59342345
      0.60032756
      0.60753468
      0.61457691
      0.62081684
      0.62610449
      0.63096664
      0.63608239
      0.64153699
      0.64643139
      0.64943837
      0.65016140
      0.64957453
      0.64907835
      0.64982261
      0.65190015
      0.65474593
      0.65784182
      0.66098913
      0.66420202
      0.66751087
      0.67087077
      0.67419253
      0.67739170
      0.68036846
      0.68292671
      0.68477047
      0.68555182
      0.68528780
      0.68435083
      0.68290869
      0.68101776
      0.67912771
      0.67770773
      0.67598610
      0.67201976
      0.66533554
      0.65790104
      0.65205646
      0.64838716
      0.64626269
      0.64490556
      0.64392620
      0.64314560
      0.64231318
      0.64113216
      0.63947084
      0.63742115
      0.63521201
      0.63306894
      0.63108709
      0.62923645
      0.62745872
      0.62573996
      0.62415143
      0.62283093
      0.62191923
      0.62149769
      0.62143405
      0.62120832
      0.62005398
      0.61742410
      0.61353653
      0.60918731
      0.60489178
      0.60037544
      0.59514619
      0.58916246
      0.58282264
      0.57648841
      0.57008470
      0.56338161
      0.55635806
      0.54927647
      0.54252848
      0.53640114
      0.53091703
      0.52583469
      0.52083722
      0.51580522
      0.51093941
      0.50656003
      0.50274352
      0.49925159
      0.49570674
      0.49174742
      0.48715998
      0.48198767
      0.47650557
      0.47101741
      0.46571248
      0.46069155
      0.45603092
      0.45183314
      0.44810626
      0.44462054
      0.44089133
      0.43656054
      0.43165059
      0.42649511
      0.42151960
      0.41699021
      0.41285437
      0.40880098
      0.40456794
      0.40005583
      0.39519053
      0.38985042
      0.38411577
      0.37840427
      0.37314510
      0.36849091
      0.36433893
      0.36052618
      0.35698035
      0.35369909
      0.35063345
      0.34760348
      0.34434538
      0.34065861
      0.33653859
      0.33218414
      0.32789677
      0.32393623
      0.32039711
      0.31723902
      0.31439186
      0.31178323
      0.30929452
      0.30675867
      0.30413687
      0.30147291
      0.29852873
      0.29482370
      0.29015003
      0.28477964
      0.27923438
      0.27393425
      0.26901922
      0.26446506
      0.26014874
      0.25592843
      0.25175745
      0.24771540
      0.24385425
      0.24012103
      0.23647865
      0.23298655
      0.22973731
      0.22677501
      0.22407585
      0.22156234
      0.21910394
      0.21651663
      0.21358483
      0.21024053
      0.20657225
      0.20279181
      0.19915125
      0.19577144
      0.19259947
      0.18951570
      0.18644894
      0.18341201
      0.18044147
      0.17756129
      0.17479373
      0.17216057
      0.16968467
      0.16737997
      0.16523336
      0.16320700
      0.16124111
      0.15925230
      0.15718446
      0.15496821
      0.15258790
      0.15021821
      0.14794359
      0.14557854
      0.14300434
      0.14033132
      0.13776151
      0.13543078
      0.13336667
      0.13152657
      0.12984015
      0.12821469
      0.12654227
      0.12471463
      0.12262754
      0.12024209
      0.11764208
      0.11497480
      0.11233066
      0.10972773
      0.10721418
      0.10487727
      0.10276148
      0.10084486
     0.099047542
     0.097284426
     0.095532681
     0.093823261
     0.092172301
     0.090555197
     0.088959314
     0.087415685
     0.085965827
     0.084633942
     0.083422281
     0.082304608
     0.081248911
     0.080224249
     0.079197229
     0.078149711
     0.077105065
     0.076099387
     0.075129851
     0.074172186
     0.073227738
     0.072316924
     0.071444795
     0.070598375
     0.069764142
     0.068930700
     0.068092721
     0.067254599
     0.066410971
     0.065553864
     0.064681646
     0.063796622
     0.062899593
     0.061990291
     0.061077707
     0.060181291
     0.059315979
     0.058482780
     0.057674307
     0.056883565
     0.056106297
     0.055339879
     0.054582596
     0.053833431
     0.053091785
     0.052357071
     0.051628164
     0.050902457
