       12.755632
       12.719380
       12.683177
       12.647059
       12.611033
       12.575099
       12.539258
       12.503508
       12.467851
       12.432286
       12.396812
       12.361430
       12.326139
       12.290938
       12.255828
       12.220808
       12.185879
       12.151039
       12.116288
       12.081628
       12.047056
       12.012573
       11.978181
       11.943879
       11.909672
       11.875566
       11.841572
       11.807711
       11.774011
       11.740512
       11.707270
       11.674354
       11.641844
       11.609791
       11.578180
       11.546885
       11.515672
       11.484157
       11.451808
       11.418041
       11.382316
       11.344219
       11.303540
       11.260277
       11.214616
       11.166859
       11.117367
       11.066506
       11.014633
       10.962124
       10.909499
       10.857634
       10.807982
       10.762501
       10.723067
       10.690818
       10.666349
       10.649705
       10.640367
       10.637538
       10.640277
       10.647563
       10.658404
       10.671895
       10.687269
       10.703911
       10.721349
       10.739227
       10.757274
       10.775285
       10.793108
       10.810671
       10.827983
       10.845115
       10.862181
       10.879303
       10.896603
       10.914179
       10.932098
       10.950391
       10.969039
       10.987966
       11.007052
       11.026124
       11.044985
       11.063426
       11.081252
       11.098300
       11.114471
       11.129740
       11.144142
       11.157755
       11.170695
       11.183086
       11.195067
       11.206754
       11.218220
       11.229463
       11.240411
       11.250948
       11.260976
       11.270431
       11.279300
       11.287607
       11.295388
       11.302688
       11.309561
       11.316055
       11.322219
       11.328096
       11.333719
       11.339106
       11.344261
       11.349158
       11.353757
       11.358001
       11.361819
       11.365151
       11.367948
       11.370174
       11.371812
       11.372863
       11.373346
       11.373292
       11.372740
       11.371741
       11.370353
       11.368646
       11.366692
       11.364574
       11.362349
       11.360103
       11.357884
       11.355749
       11.353700
       11.351767
       11.349922
       11.348147
       11.346408
       11.344671
       11.342899
       11.341068
       11.339159
       11.337145
       11.335004
       11.332692
       11.330161
       11.327360
       11.324241
       11.320780
       11.316953
       11.312757
       11.308195
       11.303286
       11.298059
       11.292566
       11.286877
       11.281065
       11.275188
       11.269297
       11.263404
       11.257502
       11.251572
       11.245598
       11.239582
       11.233548
       11.227523
       11.221519
       11.215523
       11.209501
       11.203405
       11.197179
       11.190763
       11.184101
       11.177147
       11.169861
       11.162211
       11.154180
       11.145781
       11.137059
       11.128090
       11.118997
       11.109926
       11.101015
       11.092325
       11.083762
       11.075001
       11.065462
       11.054409
       11.041153
       11.025417
       11.006964
       10.985971
       10.962914
       10.938290
       10.912562
       10.886141
       10.859344
       10.832385
       10.805408
       10.778497
       10.751690
       10.724989
       10.698368
       10.671800
       10.645254
       10.618693
       10.592083
       10.565405
       10.538653
       10.511840
       10.484993
       10.458156
       10.431369
       10.404673
       10.378088
       10.351614
       10.325226
       10.298876
       10.272489
       10.245984
       10.219263
       10.192229
       10.164762
       10.136743
       10.108028
       10.078481
       10.047994
       10.016612
       9.9846266
       9.9526529
       9.9213855
       9.8910815
       9.8611251
       9.8304383
       9.7982062
       9.7642079
       9.7288394
       9.6921825
       9.6541666
       9.6150874
       9.5754719
       9.5356884
       9.4958700
       9.4560772
       9.4163840
       9.3768766
       9.3376491
       9.2987791
       9.2603452
       9.2224301
       9.1851016
       9.1484650
       9.1125925
       9.0775897
       9.0435097
       9.0104154
       8.9783301
       8.9472497
       8.9171672
       8.8880477
       8.8598411
       8.8324871
       8.8059181
       8.7800522
       8.7547939
       8.7300377
       8.7056621
       8.6815317
       8.6575125
       8.6334786
       8.6093315
       8.5849910
       8.5603928
       8.5354787
       8.5102082
       8.4845636
       8.4585617
       8.4322546
       8.4057265
       8.3790943
       8.3525067
       8.3261400
       8.3001794
       8.2747879
       8.2501035
       8.2262345
       8.2032619
       8.1812474
       8.1602100
       8.1401006
       8.1207837
       8.1020575
       8.0837013
       8.0656006
       8.0477685
       8.0303398
       8.0134837
       7.9973016
       7.9817199
       7.9666024
       7.9518154
       7.9371903
       7.9225491
       7.9077296
       7.8925962
       7.8770722
       7.8611959
       7.8451306
       7.8290665
       7.8129494
       7.7962838
       7.7782611
       7.7581822
       7.7357671
       7.7111207
       7.6844587
       7.6558606
       7.6252566
       7.5925374
       7.5576535
       7.5206511
       7.4816793
       7.4409765
       7.3988397
       7.3555558
       7.3113780
       7.2664216
       7.2207369
       7.1743162
       7.1271686
       7.0793984
       7.0312204
       6.9829648
       6.9349911
       6.8872286
       6.8388872
       6.7875032
       6.7302929
       6.6671295
       6.6011754
       6.5358020
       6.4726147
       6.4098266
       6.3440205
       6.2724149
       6.1942189
       6.1104107
       6.0222571
       5.9308991
       5.8373386
       5.7420319
       5.6450883
       5.5466747
       5.4469503
       5.3460979
       5.2442514
       5.1414814
       5.0378258
       4.9333388
       4.8280836
       4.7222008
       4.6159061
       4.5094284
       4.4030104
       4.2968000
       4.1908220
       4.0850169
       3.9793556
       3.8735603
       3.7675309
       3.6611608
       3.5544663
       3.4478267
       3.3420832
       3.2388141
       3.1402545
       3.0475833
       2.9593367
       2.8714326
       2.7798687
       2.6849567
       2.5900295
       2.4979538
       2.4097565
       2.3253236
       2.2445195
       2.1676691
       2.0953436
       2.0280509
       1.9660848
       1.9095984
       1.8589259
       1.8137787
       1.7730201
       1.7341381
       1.6938716
       1.6512262
       1.6076501
       1.5657500
       1.5272501
       1.4926498
       1.4615940
       1.4335727
       1.4081214
       1.3847736
       1.3631565
       1.3430785
       1.3246121
       1.3079558
       1.2932056
       1.2803434
       1.2692431
       1.2596609
       1.2513033
       1.2438997
       1.2372254
       1.2311321
       1.2254921
       1.2201618
       1.2149612
       1.2097333
       1.2044863
       1.1994378
       1.1949261
       1.1911836
       1.1881374
       1.1857501
       1.1840803
       1.1828808
       1.1818271
       1.1813285
       1.1819397
       1.1836994
       1.1863901
       1.1897968
       1.1938931
       1.1987227
       1.2043827
       1.2109030
       1.2182063
       1.2261890
       1.2348834
       1.2445425
       1.2555581
       1.2684440
       1.2835046
       1.3009403
       1.3207885
       1.3431344
       1.3680175
       1.3955147
       1.4256752
       1.4584443
       1.4936244
       1.5308536
       1.5696684
       1.6096486
       1.6504847
       1.6919067
       1.7337233
       1.7754415
       1.8167150
       1.8570100
       1.8954374
       1.9307421
       1.9618020
       1.9884288
       2.0113915
       2.0318447
       2.0505343
       2.0678643
       2.0843763
       2.0997826
       2.1138678
       2.1264421
       2.1375042
       2.1470954
       2.1551860
       2.1617176
       2.1667145
       2.1700793
       2.1716129
       2.1710832
       2.1682503
       2.1630010
       2.1557156
       2.1470639
       2.1363010
       2.1201903
       2.0959427
       2.0614451
       2.0168460
       1.9665634
       1.9148163
       1.8626499
       1.8098259
       1.7571129
       1.7059184
       1.6568012
       1.6094387
       1.5633078
       1.5180882
       1.4738023
       1.4306472
       1.3887711
       1.3482042
       1.3088947
       1.2707359
       1.2337174
       1.1979907
       1.1637935
       1.1313250
       1.1007253
       1.0719774
       1.0451239
       1.0201986
      0.99713991
      0.97560975
      0.95485960
      0.93447085
      0.91494523
      0.89734386
      0.88181759
      0.86806965
      0.85577195
      0.84441403
      0.83353331
      0.82285228
      0.81236559
      0.80245394
      0.79375530
      0.78682497
      0.78183703
      0.77858059
      0.77668868
      0.77586820
      0.77588175
      0.77652693
      0.77763052
      0.77905196
      0.78069433
      0.78243867
      0.78411262
      0.78540779
      0.78596151
      0.78545900
      0.78379994
      0.78101108
      0.77710585
      0.77214036
      0.76634913
      0.76008391
      0.75389130
      0.74813555
      0.74276192
      0.73761022
      0.73262218
      0.72789604
      0.72367356
      0.72000728
      0.71692075
      0.71435434
      0.71217817
      0.71030811
      0.70874750
      0.70740163
      0.70636076
      0.70572069
      0.70525778
      0.70465253
      0.70367998
      0.70268640
      0.70238957
      0.70321643
      0.70529757
      0.70861493
      0.71318893
      0.71916077
      0.72645296
      0.73521929
      0.74555564
      0.75764524
      0.77074006
      0.78446189
      0.79850248
      0.81249062
      0.82817012
      0.84704934
      0.86862599
      0.89112314
      0.91289169
      0.93342297
      0.95327324
      0.97375860
      0.99619044
       1.0209972
       1.0473956
       1.0738364
       1.0990493
       1.1225873
       1.1447253
       1.1661327
       1.1873630
       1.2085767
       1.2296588
       1.2505198
       1.2709866
       1.2908751
       1.3101904
       1.3294776
       1.3484348
       1.3655319
       1.3789913
       1.3873426
       1.3915966
       1.3936012
       1.3945291
       1.3946704
       1.3939482
       1.3924297
       1.3901023
       1.3868317
       1.3825113
       1.3770187
       1.3703348
       1.3629561
       1.3554358
       1.3483371
       1.3406270
       1.3293777
       1.3130939
       1.2943551
       1.2765093
       1.2605921
       1.2458923
       1.2316784
       1.2174472
       1.2025606
       1.1864663
       1.1688262
       1.1502986
       1.1323727
       1.1159814
       1.1008349
       1.0861088
       1.0712238
       1.0560512
       1.0407950
       1.0256476
       1.0106585
      0.99576023
      0.98104254
      0.96667456
      0.95250193
      0.93774727
      0.92164973
      0.90434146
      0.88630978
      0.86774254
      0.84885736
      0.83021471
      0.81255810
      0.79642709
      0.78209352
      0.76956094
      0.75848610
      0.74841104
      0.73885717
      0.72952776
      0.72049306
      0.71214048
      0.70485956
      0.69862756
      0.69269662
      0.68650979
      0.68116885
      0.67861827
      0.67680139
      0.67035180
      0.65700389
      0.64147674
      0.62937532
      0.62170959
      0.61681442
      0.61317323
      0.61021503
      0.60774181
      0.60556256
      0.60364128
      0.60204300
      0.60060064
      0.59987035
      0.60055945
      0.60146586
      0.60053643
      0.59731793
      0.59305898
      0.58891857
      0.58500179
      0.58110601
      0.57749698
      0.57458293
      0.57265133
      0.57172642
      0.57082079
      0.56889741
      0.56623092
      0.56283429
      0.55807861
      0.55192430
      0.54522378
      0.53887257
      0.53293083
      0.52684521
      0.52083558
      0.51588295
      0.51231251
      0.50959953
      0.50716230
      0.50459491
      0.50161305
      0.49820240
      0.49459798
      0.49100292
      0.48757494
      0.48439785
      0.48141450
      0.47849995
      0.47577501
      0.47376573
      0.47260571
      0.47128997
      0.46864680
      0.46480732
      0.46098180
      0.45850115
      0.45781288
      0.45845928
      0.46000966
      0.46275626
      0.46690290
      0.47099302
      0.47313430
      0.47275412
      0.47179139
      0.47239818
      0.47505978
      0.47904227
      0.48360556
      0.48873888
      0.49429475
      0.49984007
      0.50562252
      0.51151458
      0.51666174
      0.52137964
      0.52695808
      0.53412472
      0.54273229
      0.55248925
      0.56305616
      0.57416691
      0.58542589
      0.59621971
      0.60598519
      0.61447330
      0.62203667
      0.62935454
      0.63704486
      0.64539457
      0.65434928
      0.66370900
      0.67330649
      0.68296150
      0.69244158
      0.70156279
      0.71041492
      0.71938181
      0.72872679
      0.73809738
      0.74671942
      0.75441447
      0.76233681
      0.77209613
      0.78299785
      0.79179482
      0.79589199
      0.79384553
      0.78768153
      0.77970674
      0.77179730
      0.76528453
      0.76058920
      0.75747974
      0.75517344
      0.75235395
      0.74771473
      0.74158398
      0.73564378
      0.73089364
      0.72732409
      0.72452478
      0.72226262
      0.72036437
      0.71858887
      0.71655496
      0.71387972
      0.71038025
      0.70617217
      0.70151258
      0.69664543
      0.69177625
      0.68706088
      0.68253859
      0.67815550
      0.67386989
      0.66954818
      0.66497618
      0.66003897
      0.65485027
      0.64982020
      0.64511517
      0.64069827
      0.63635907
      0.63165229
      0.62640915
      0.62116238
      0.61622947
      0.61026394
      0.60142794
      0.59009483
      0.57889797
      0.56973090
      0.56267198
      0.55692221
      0.55181012
      0.54718542
      0.54311186
      0.53936437
      0.53544791
      0.53106360
      0.52628050
      0.52136672
      0.51653400
      0.51181120
      0.50705252
      0.50204000
      0.49661772
      0.49071836
      0.48457672
      0.47847681
      0.47271136
      0.46753562
      0.46302295
      0.45905361
      0.45546628
      0.45215763
      0.44903386
      0.44598132
      0.44299751
      0.44035995
      0.43840071
      0.43659718
      0.43303602
      0.42581868
      0.41536175
      0.40458008
      0.39556205
      0.38814538
      0.38131563
      0.37460599
      0.36822433
      0.36245933
      0.35732344
      0.35261757
      0.34810065
      0.34357693
      0.33891411
      0.33402937
      0.32899095
      0.32401581
      0.31924697
      0.31468380
      0.31025377
      0.30594029
      0.30178508
      0.29792100
      0.29436805
      0.29090408
      0.28715171
      0.28305348
      0.27881836
      0.27466394
      0.27066095
      0.26680091
      0.26309978
      0.25957209
      0.25620326
      0.25293914
      0.24968596
      0.24638676
      0.24313429
      0.24010553
      0.23741424
      0.23505904
      0.23297406
      0.23106817
      0.22926348
      0.22749906
      0.22574374
      0.22400424
      0.22226674
      0.22047665
      0.21854369
      0.21642888
      0.21433295
      0.21247793
      0.21067411
      0.20865633
      0.20659429
      0.20445632
      0.20161009
      0.19784823
      0.19361109
      0.18945156
      0.18575909
      0.18263840
      0.17997982
      0.17759662
      0.17535853
      0.17319509
      0.17104760
      0.16885747
      0.16655368
      0.16405173
      0.16133730
      0.15858252
      0.15606402
      0.15393661
      0.15214098
      0.15047240
      0.14874322
      0.14691983
      0.14507925
      0.14324051
      0.14126704
      0.13896226
      0.13637443
      0.13383908
      0.13161368
      0.12972950
      0.12809371
      0.12661724
      0.12525168
      0.12397358
      0.12275055
      0.12153504
      0.12028006
      0.11895496
      0.11758441
      0.11624976
      0.11501468
      0.11388156
      0.11283041
      0.11181738
      0.11069651
      0.10928538
      0.10758945
      0.10583835
      0.10422992
      0.10276944
      0.10136911
      0.10000310
     0.098731598
     0.097605581
     0.096601725
     0.095660602
     0.094759440
     0.093904989
     0.093023451
     0.091920916
     0.090408619
     0.088448969
     0.086206395
     0.083980671
     0.082040480
     0.080477128
     0.079222795
     0.078152897
     0.077172511
     0.076249771
     0.075379444
     0.074548252
     0.073727044
     0.072901086
     0.072089037
     0.071314042
     0.070578837
     0.069865212
     0.069141595
     0.068383974
     0.067593638
     0.066786905
     0.065967355
     0.065126639
     0.064266319
     0.063402528
     0.062550768
     0.061715768
     0.060893303
     0.060077957
     0.059268087
     0.058465378
     0.057671740
     0.056887585
     0.056112339
     0.055345477
     0.054586800
     0.053836193
     0.053093414
     0.052357940
     0.051628595
     0.050902692
