       12.755620
       12.719378
       12.683177
       12.647059
       12.611033
       12.575099
       12.539258
       12.503508
       12.467851
       12.432286
       12.396812
       12.361430
       12.326139
       12.290938
       12.255828
       12.220808
       12.185879
       12.151039
       12.116288
       12.081627
       12.047056
       12.012573
       11.978178
       11.943873
       11.909657
       11.875532
       11.841501
       11.807568
       11.773743
       11.740039
       11.706477
       11.673084
       11.639892
       11.606932
       11.574219
       11.541741
       11.509433
       11.477173
       11.444777
       11.412023
       11.378682
       11.344559
       11.309535
       11.273574
       11.236680
       11.198820
       11.159781
       11.119014
       11.075522
       11.027912
       10.974798
       10.915747
       10.852478
       10.789380
       10.732307
       10.685956
       10.652297
       10.630876
       10.619973
       10.617487
       10.621493
       10.630425
       10.643083
       10.658570
       10.676212
       10.695489
       10.715976
       10.737317
       10.759212
       10.781397
       10.803649
       10.825786
       10.847678
       10.869259
       10.890517
       10.911491
       10.932237
       10.952814
       10.973275
       10.993640
       11.013910
       11.034047
       11.053996
       11.073688
       11.093053
       11.112047
       11.130634
       11.148799
       11.166543
       11.183874
       11.200802
       11.217302
       11.233329
       11.248809
       11.263668
       11.277852
       11.291327
       11.304084
       11.316142
       11.327544
       11.338359
       11.348655
       11.358521
       11.368020
       11.377229
       11.386221
       11.395058
       11.403803
       11.412512
       11.421229
       11.429986
       11.438806
       11.447713
       11.456735
       11.465907
       11.475255
       11.484804
       11.494577
       11.504585
       11.514847
       11.525393
       11.536286
       11.547584
       11.559303
       11.571326
       11.583302
       11.594588
       11.604397
       11.611921
       11.616638
       11.618549
       11.617933
       11.615242
       11.610856
       11.604937
       11.597416
       11.588092
       11.576783
       11.563419
       11.548055
       11.530799
       11.511875
       11.491747
       11.471159
       11.451023
       11.432199
       11.415160
       11.399920
       11.386490
       11.375043
       11.365426
       11.357339
       11.350712
       11.345415
       11.341340
       11.338394
       11.336465
       11.335420
       11.335117
       11.335382
       11.336032
       11.336877
       11.337726
       11.338379
       11.338642
       11.338353
       11.337382
       11.335620
       11.332986
       11.329437
       11.324949
       11.319514
       11.313167
       11.305979
       11.298084
       11.289706
       11.281165
       11.272824
       11.264890
       11.257193
       11.249259
       11.240594
       11.230736
       11.219560
       11.207235
       11.193805
       11.179300
       11.163872
       11.147727
       11.131029
       11.113858
       11.096209
       11.078028
       11.059249
       11.039822
       11.019725
       10.998961
       10.977570
       10.955606
       10.933123
       10.910186
       10.886856
       10.863204
       10.839293
       10.815174
       10.790898
       10.766508
       10.742040
       10.717527
       10.692976
       10.668394
       10.643765
       10.619057
       10.594243
       10.569271
       10.544109
       10.518731
       10.493092
       10.467152
       10.440877
       10.414241
       10.387251
       10.359969
       10.332540
       10.305175
       10.278076
       10.251225
       10.224157
       10.196001
       10.165910
       10.133532
       10.099044
       10.062908
       10.025552
       9.9872372
       9.9481317
       9.9083626
       9.8680606
       9.8273767
       9.7864574
       9.7454488
       9.7044853
       9.6636818
       9.6231335
       9.5829115
       9.5430651
       9.5036568
       9.4648272
       9.4268577
       9.3901490
       9.3550136
       9.3213343
       9.2884233
       9.2553537
       9.2214911
       9.1867563
       9.1515294
       9.1163195
       9.0814770
       9.0471205
       9.0132180
       8.9796956
       8.9464954
       8.9136011
       8.8810337
       8.8488453
       8.8170891
       8.7857932
       8.7549293
       8.7244432
       8.6942994
       8.6645170
       8.6351756
       8.6063251
       8.5779415
       8.5500336
       8.5228568
       8.4963929
       8.4703313
       8.4443445
       8.4179264
       8.3904673
       8.3615709
       8.3312533
       8.2997326
       8.2674363
       8.2349075
       8.2026618
       8.1710690
       8.1403287
       8.1105170
       8.0816350
       8.0536514
       8.0265262
       8.0002355
       7.9748057
       7.9503074
       7.9267875
       7.9041799
       7.8821698
       7.8601108
       7.8371354
       7.8125768
       7.7864988
       7.7599583
       7.7342004
       7.7095799
       7.6860398
       7.6633273
       7.6411035
       7.6190518
       7.5969192
       7.5744721
       7.5515400
       7.5280145
       7.5038298
       7.4789323
       7.4533592
       7.4271059
       7.4002656
       7.3729199
       7.3451699
       7.3173284
       7.2902109
       7.2653999
       7.2437307
       7.2232328
       7.1997426
       7.1714388
       7.1378042
       7.0995460
       7.0589619
       7.0176098
       6.9758398
       6.9334208
       6.8899205
       6.8448851
       6.7978460
       6.7483761
       6.6961480
       6.6409891
       6.5828288
       6.5216419
       6.4573276
       6.3897912
       6.3188543
       6.2444042
       6.1664233
       6.0849133
       5.9999515
       5.9116277
       5.8200368
       5.7252800
       5.6274636
       5.5267585
       5.4234270
       5.3178108
       5.2103072
       5.1013053
       4.9911550
       4.8801742
       4.7686202
       4.6566941
       4.5444557
       4.4317347
       4.3181598
       4.2034238
       4.0875626
       3.9709182
       3.8536042
       3.7351709
       3.6152659
       3.4944466
       3.3737455
       3.2549025
       3.1389267
       3.0259273
       2.9157933
       2.8084742
       2.7040058
       2.6024310
       2.5038753
       2.4084920
       2.3164750
       2.2281850
       2.1438525
       2.0636933
       1.9878645
       1.9165779
       1.8499618
       1.7880905
       1.7309731
       1.6785445
       1.6306936
       1.5872533
       1.5480605
       1.5129372
       1.4817504
       1.4542261
       1.4301035
       1.4089295
       1.3909766
       1.3768088
       1.3675553
       1.3628225
       1.3602835
       1.3571959
       1.3519037
       1.3447616
       1.3373452
       1.3297029
       1.3224623
       1.3156236
       1.3092605
       1.3032993
       1.2976520
       1.2922003
       1.2868205
       1.2815192
       1.2763826
       1.2716109
       1.2672360
       1.2630545
       1.2586647
       1.2535612
       1.2474955
       1.2408038
       1.2340552
       1.2273647
       1.2208575
       1.2145308
       1.2084130
       1.2025186
       1.1969321
       1.1918943
       1.1879060
       1.1854797
       1.1849276
       1.1863652
       1.1897737
       1.1951208
       1.2024372
       1.2118745
       1.2236675
       1.2380534
       1.2551725
       1.2749999
       1.2972700
       1.3215446
       1.3473708
       1.3744228
       1.4026925
       1.4322433
       1.4631516
       1.4954099
       1.5289939
       1.5639131
       1.6001915
       1.6376977
       1.6759378
       1.7135547
       1.7490908
       1.7818813
       1.8122590
       1.8409893
       1.8684167
       1.8946656
       1.9193630
       1.9421055
       1.9624393
       1.9798713
       1.9937048
       2.0033867
       2.0092626
       2.0122263
       2.0135245
       2.0138907
       2.0134023
       2.0118201
       2.0089470
       2.0046268
       1.9987217
       1.9911053
       1.9816908
       1.9704988
       1.9576685
       1.9432383
       1.9270553
       1.9090835
       1.8894589
       1.8684017
       1.8461488
       1.8228284
       1.7984923
       1.7731070
       1.7465649
       1.7188970
       1.6900291
       1.6595939
       1.6270904
       1.5924401
       1.5558145
       1.5177790
       1.4797245
       1.4434806
       1.4103906
       1.3796893
       1.3478609
       1.3127398
       1.2761356
       1.2403201
       1.2054891
       1.1706468
       1.1356652
       1.1013876
       1.0689102
       1.0387391
       1.0106422
      0.98418035
      0.95905045
      0.93530105
      0.91301773
      0.89187291
      0.87157935
      0.85226389
      0.83422617
      0.81795257
      0.80368024
      0.79144960
      0.78125373
      0.77301367
      0.76649823
      0.76132069
      0.75719455
      0.75395634
      0.75158698
      0.74995457
      0.74884668
      0.74786459
      0.74646476
      0.74423012
      0.74121036
      0.73788164
      0.73477852
      0.73227464
      0.73051406
      0.72944776
      0.72882710
      0.72823905
      0.72731317
      0.72577011
      0.72346930
      0.72039050
      0.71651514
      0.71198357
      0.70723016
      0.70263269
      0.69834482
      0.69437531
      0.69069849
      0.68632587
      0.68069881
      0.67448156
      0.66748396
      0.66057778
      0.65526207
      0.65132280
      0.64801574
      0.64546122
      0.64414616
      0.64439983
      0.64623032
      0.64941500
      0.65371358
      0.65897168
      0.66516700
      0.67235408
      0.68065228
      0.69016509
      0.70093973
      0.71292146
      0.72604542
      0.74029457
      0.75577651
      0.77264491
      0.79102073
      0.81083499
      0.83192480
      0.85406845
      0.87722887
      0.90136123
      0.92621741
      0.95140902
      0.97644752
       1.0001643
       1.0204682
       1.0356677
       1.0473804
       1.0591370
       1.0731370
       1.0884088
       1.1034314
       1.1183309
       1.1347891
       1.1541436
       1.1760415
       1.1983658
       1.2183970
       1.2348463
       1.2482190
       1.2600834
       1.2718379
       1.2835807
       1.2945501
       1.3043059
       1.3128214
       1.3204507
       1.3277278
       1.3346534
       1.3407961
       1.3457904
       1.3497298
       1.3527460
       1.3540377
       1.3525799
       1.3474917
       1.3392866
       1.3301864
       1.3216902
       1.3134693
       1.3044264
       1.2939232
       1.2816264
       1.2674626
       1.2523833
       1.2378262
       1.2246111
       1.2119084
       1.1980964
       1.1831563
       1.1696280
       1.1591467
       1.1478103
       1.1277849
       1.0970318
       1.0624722
       1.0315704
       1.0069516
      0.98618595
      0.96667494
      0.94835548
      0.93160293
      0.91579096
      0.89968299
      0.88298726
      0.86644813
      0.85039136
      0.83442899
      0.81873925
      0.80409965
      0.79101611
      0.77942680
      0.76904879
      0.75964630
      0.75102417
      0.74310810
      0.73595669
      0.72976414
      0.72448527
      0.71966632
      0.71469818
      0.70937461
      0.70369032
      0.69736944
      0.68961542
      0.67991914
      0.66859936
      0.65709532
      0.64730100
      0.64006572
      0.63501471
      0.63152959
      0.62936110
      0.62815131
      0.62747033
      0.62741213
      0.62813487
      0.62830625
      0.62481220
      0.61724176
      0.60791032
      0.59846374
      0.59048368
      0.58441788
      0.57999722
      0.57710588
      0.57592805
      0.57634571
      0.57729321
      0.57758882
      0.57747464
      0.57896243
      0.58210028
      0.58242114
      0.57497826
      0.56031504
      0.54502679
      0.53354600
      0.52604505
      0.52086760
      0.51669658
      0.51286360
      0.50918729
      0.50566088
      0.50234622
      0.49929237
      0.49656412
      0.49437369
      0.49306021
      0.49265278
      0.49236934
      0.49084372
      0.48735722
      0.48236883
      0.47665735
      0.47102166
      0.46586087
      0.46134342
      0.45750397
      0.45427883
      0.45165512
      0.44970116
      0.44848437
      0.44797513
      0.44803111
      0.44838051
      0.44879834
      0.44927927
      0.45008309
      0.45137536
      0.45320055
      0.45550056
      0.45704998
      0.45687842
      0.45554317
      0.45493184
      0.45681557
      0.46057511
      0.46468440
      0.46854577
      0.47234025
      0.47648321
      0.48143762
      0.48741078
      0.49456834
      0.50295934
      0.51242428
      0.52269815
      0.53359946
      0.54504638
      0.55691328
      0.56890073
      0.58056831
      0.59170956
      0.60274864
      0.61461366
      0.62794671
      0.64164958
      0.65299657
      0.66059929
      0.66514346
      0.66885909
      0.67322657
      0.67806549
      0.68282436
      0.68752489
      0.69251122
      0.69783903
      0.70330355
      0.70864068
      0.71357631
      0.71781973
      0.72109119
      0.72343395
      0.72531580
      0.72723758
      0.72972130
      0.73339358
      0.73855731
      0.74412083
      0.74787045
      0.74828215
      0.74588955
      0.74284995
      0.74070926
      0.73959199
      0.73908144
      0.73890641
      0.73898101
      0.73931401
      0.73994491
      0.74090768
      0.74218755
      0.74365146
      0.74496243
      0.74570624
      0.74548817
      0.74405479
      0.74134228
      0.73752208
      0.73305478
      0.72848534
      0.72422047
      0.72043947
      0.71704231
      0.71367442
      0.71010368
      0.70660456
      0.70358090
      0.70045977
      0.69556783
      0.68797472
      0.67895647
      0.67061121
      0.66393006
      0.65854770
      0.65312914
      0.64609430
      0.63649660
      0.62464303
      0.61208950
      0.60063575
      0.59121277
      0.58361923
      0.57714777
      0.57116669
      0.56534794
      0.55957327
      0.55378559
      0.54793547
      0.54200719
      0.53607423
      0.53030173
      0.52482725
      0.51966194
      0.51476546
      0.51012179
      0.50553811
      0.50057931
      0.49510075
      0.48945523
      0.48383362
      0.47793549
      0.47144046
      0.46448047
      0.45744995
      0.45064844
      0.44413185
      0.43775629
      0.43121633
      0.42432385
      0.41743764
      0.41134702
      0.40634243
      0.40202454
      0.39787118
      0.39364568
      0.38938833
      0.38521525
      0.38118585
      0.37730050
      0.37355512
      0.36994173
      0.36641456
      0.36289502
      0.35931394
      0.35563707
      0.35184474
      0.34799148
      0.34421657
      0.34075448
      0.33775840
      0.33528807
      0.33320728
      0.33093046
      0.32806032
      0.32507496
      0.32223522
      0.31838311
      0.31248234
      0.30550796
      0.29891559
      0.29330328
      0.28862242
      0.28463609
      0.28109439
      0.27766040
      0.27400258
      0.26983729
      0.26501619
      0.25968073
      0.25430534
      0.24946728
      0.24545443
      0.24220245
      0.23942625
      0.23682518
      0.23421680
      0.23152040
      0.22872070
      0.22589360
      0.22313812
      0.22053497
      0.21804284
      0.21547992
      0.21259079
      0.20945567
      0.20625462
      0.20308061
      0.20000383
      0.19710288
      0.19444242
      0.19203193
      0.18983607
      0.18777733
      0.18575550
      0.18373038
      0.18171186
      0.17971936
      0.17778294
      0.17593576
      0.17418292
      0.17248645
      0.17083085
      0.16930116
      0.16789482
      0.16646562
      0.16518868
      0.16437581
      0.16345516
      0.16153200
      0.15861171
      0.15533473
      0.15218236
      0.14929929
      0.14665904
      0.14424948
      0.14204281
      0.13993771
      0.13783548
      0.13576275
      0.13385638
      0.13219138
      0.13064477
      0.12897033
      0.12703709
      0.12500729
      0.12303222
      0.12112141
      0.11928687
      0.11751459
      0.11578023
      0.11410178
      0.11252494
      0.11104930
      0.10958126
      0.10799551
      0.10625990
      0.10449793
      0.10287128
      0.10145189
      0.10021320
     0.099096023
     0.098045855
     0.097009910
     0.095940937
     0.094821576
     0.093676281
     0.092532171
     0.091396492
     0.090319636
     0.089319980
     0.088254807
     0.086965588
     0.085501064
     0.084061026
     0.082783993
     0.081670863
     0.080663050
     0.079738982
     0.078923131
     0.078216354
     0.077557805
     0.076872912
     0.076120595
     0.075288436
     0.074389291
     0.073465775
     0.072537762
     0.071569409
     0.070541499
     0.069484077
     0.068416688
     0.067320698
     0.066176549
     0.065042992
     0.064014038
     0.063118052
     0.062310811
     0.061539910
     0.060776553
     0.060009244
     0.059234412
     0.058453143
     0.057669528
     0.056888281
     0.056112849
     0.055345094
     0.054585795
     0.053835055
     0.053092495
     0.052357349
     0.051628267
     0.050902501
