       12.755627
       12.719379
       12.683177
       12.647059
       12.611033
       12.575099
       12.539258
       12.503508
       12.467851
       12.432286
       12.396812
       12.361430
       12.326139
       12.290938
       12.255828
       12.220808
       12.185879
       12.151039
       12.116288
       12.081628
       12.047056
       12.012573
       11.978179
       11.943875
       11.909662
       11.875542
       11.841520
       11.807607
       11.773816
       11.740173
       11.706710
       11.673471
       11.640504
       11.607849
       11.575516
       11.543463
       11.511565
       11.479605
       11.447284
       11.414255
       11.380181
       11.344780
       11.307860
       11.269298
       11.229003
       11.186832
       11.142472
       11.095376
       11.044833
       10.990297
       10.932042
       10.871931
       10.813739
       10.762332
       10.721789
       10.693718
       10.677502
       10.671430
       10.673560
       10.682298
       10.696471
       10.715179
       10.737619
       10.762999
       10.790565
       10.819636
       10.849643
       10.880130
       10.910774
       10.941334
       10.971666
       11.001687
       11.031378
       11.060784
       11.090005
       11.119188
       11.148478
       11.177994
       11.207795
       11.237881
       11.268190
       11.298610
       11.328972
       11.359055
       11.388595
       11.417315
       11.444953
       11.471300
       11.496232
       11.519707
       11.541780
       11.562549
       11.582159
       11.600746
       11.618484
       11.635557
       11.652152
       11.668450
       11.684608
       11.700752
       11.716971
       11.733307
       11.749763
       11.766295
       11.782802
       11.799131
       11.815086
       11.830447
       11.845006
       11.858583
       11.871063
       11.882378
       11.892542
       11.901682
       11.910014
       11.917748
       11.925063
       11.932170
       11.939299
       11.946627
       11.954280
       11.962319
       11.970738
       11.979468
       11.988394
       11.997363
       12.006202
       12.014736
       12.022790
       12.030215
       12.036884
       12.042696
       12.047574
       12.051466
       12.054351
       12.056226
       12.057113
       12.057048
       12.056073
       12.054245
       12.051616
       12.048248
       12.044192
       12.039504
       12.034225
       12.028392
       12.022036
       12.015184
       12.007873
       12.000141
       11.992033
       11.983591
       11.974855
       11.965860
       11.956630
       11.947189
       11.937553
       11.927739
       11.917757
       11.907623
       11.897349
       11.886954
       11.876461
       11.865892
       11.855256
       11.844544
       11.833708
       11.822660
       11.811275
       11.799422
       11.787135
       11.774800
       11.762403
       11.749604
       11.736392
       11.722761
       11.708650
       11.694040
       11.678906
       11.663214
       11.646949
       11.630098
       11.612637
       11.594558
       11.575847
       11.556488
       11.536478
       11.515801
       11.494457
       11.472440
       11.449745
       11.426374
       11.402328
       11.377613
       11.352235
       11.326206
       11.299541
       11.272269
       11.244419
       11.216051
       11.187255
       11.158210
       11.129180
       11.100483
       11.072304
       11.044466
       11.016402
       10.987394
       10.956966
       10.925093
       10.892166
       10.858725
       10.825196
       10.791783
       10.758510
       10.725306
       10.692096
       10.658835
       10.625486
       10.592025
       10.558422
       10.524625
       10.490575
       10.456202
       10.421434
       10.386202
       10.350442
       10.314104
       10.277144
       10.239538
       10.201275
       10.162362
       10.122809
       10.082623
       10.041836
       10.000480
       9.9585874
       9.9161800
       9.8732757
       9.8298832
       9.7860459
       9.7418358
       9.6973562
       9.6527281
       9.6080515
       9.5634028
       9.5188430
       9.4743861
       9.4300190
       9.3858224
       9.3419263
       9.2983560
       9.2552635
       9.2127894
       9.1710385
       9.1301116
       9.0901061
       9.0510038
       9.0124643
       8.9741166
       8.9359812
       8.8979141
       8.8597795
       8.8215533
       8.7831625
       8.7445510
       8.7056939
       8.6665412
       8.6270506
       8.5872105
       8.5470725
       8.5067388
       8.4663410
       8.4260259
       8.3859298
       8.3461654
       8.3068148
       8.2679299
       8.2295406
       8.1916685
       8.1543445
       8.1176253
       8.0815978
       8.0463733
       8.0120752
       7.9788233
       7.9467259
       7.9158659
       7.8862939
       7.8580044
       7.8309072
       7.8048007
       7.7793465
       7.7540735
       7.7284160
       7.7017874
       7.6737040
       7.6438727
       7.6122786
       7.5791133
       7.5446630
       7.5092409
       7.4731134
       7.4365009
       7.3996403
       7.3628935
       7.3267775
       7.2918444
       7.2583824
       7.2260717
       7.1940888
       7.1616429
       7.1282095
       7.0937747
       7.0587950
       7.0235739
       6.9883135
       6.9533569
       6.9192489
       6.8866566
       6.8559372
       6.8256689
       6.7916792
       6.7488342
       6.6971620
       6.6412880
       6.5858570
       6.5325189
       6.4802471
       6.4276257
       6.3737864
       6.3182946
       6.2609602
       6.2017945
       6.1409039
       6.0784096
       6.0144136
       5.9490644
       5.8824940
       5.8148912
       5.7463999
       5.6771700
       5.6073218
       5.5369405
       5.4660703
       5.3947228
       5.3228788
       5.2504857
       5.1775043
       5.1038116
       5.0292765
       4.9537972
       4.8772363
       4.7995041
       4.7205032
       4.6401747
       4.5584668
       4.4753318
       4.3907482
       4.3046933
       4.2172085
       4.1283394
       4.0381413
       3.9466248
       3.8536896
       3.7593013
       3.6635522
       3.5666750
       3.4689685
       3.3709724
       3.2737244
       3.1794534
       3.0904788
       3.0075710
       2.9269544
       2.8427983
       2.7521824
       2.6585983
       2.5661769
       2.4750410
       2.3842211
       2.2937144
       2.2044004
       2.1170412
       2.0320511
       1.9496660
       1.8702642
       1.7943623
       1.7224209
       1.6547196
       1.5913976
       1.5324256
       1.4777709
       1.4273093
       1.3809048
       1.3383163
       1.2992286
       1.2633132
       1.2302563
       1.1998342
       1.1719740
       1.1466862
       1.1240279
       1.1039621
       1.0863279
       1.0708961
       1.0573466
       1.0453689
       1.0347020
       1.0251984
       1.0168321
       1.0096789
       1.0038179
      0.99929960
      0.99607552
      0.99407105
      0.99316436
      0.99323107
      0.99408040
      0.99543679
      0.99706947
      0.99864833
      0.99976217
       1.0000650
      0.99957067
      0.99880275
      0.99789305
      0.99611891
      0.99236230
      0.98608746
      0.97825250
      0.97041017
      0.96395392
      0.95929162
      0.95650888
      0.95557092
      0.95629876
      0.95848091
      0.96196394
      0.96671541
      0.97274793
      0.98000757
      0.98826464
      0.99728147
       1.0069929
       1.0174281
       1.0285689
       1.0403917
       1.0532407
       1.0677101
       1.0841149
       1.1024435
       1.1227885
       1.1449221
       1.1686169
       1.1935306
       1.2192409
       1.2454276
       1.2716932
       1.2978164
       1.3236684
       1.3493717
       1.3750141
       1.4005218
       1.4257718
       1.4506165
       1.4749453
       1.4986694
       1.5217500
       1.5440995
       1.5655816
       1.5859228
       1.6048196
       1.6220569
       1.6375846
       1.6514670
       1.6637771
       1.6744822
       1.6832626
       1.6896022
       1.6929995
       1.6931778
       1.6903267
       1.6846635
       1.6760018
       1.6636767
       1.6469664
       1.6258003
       1.6007984
       1.5726012
       1.5425142
       1.5110464
       1.4777948
       1.4430177
       1.4080552
       1.3739970
       1.3410152
       1.3087213
       1.2768501
       1.2452872
       1.2139579
       1.1828617
       1.1520060
       1.1213641
       1.0908228
       1.0602889
       1.0298532
      0.99991937
      0.97102518
      0.94348732
      0.91726301
      0.89214954
      0.86801012
      0.84502271
      0.82360621
      0.80410023
      0.78666085
      0.77120896
      0.75742361
      0.74495619
      0.73342271
      0.72201854
      0.70983524
      0.69661986
      0.68271762
      0.66838185
      0.65366542
      0.63839086
      0.62308778
      0.60907137
      0.59746496
      0.58849685
      0.58164549
      0.57615922
      0.57140393
      0.56701506
      0.56290755
      0.55926707
      0.55633626
      0.55417362
      0.55263588
      0.55152248
      0.55075506
      0.55037067
      0.55035718
      0.55047759
      0.55061619
      0.55076496
      0.55085352
      0.55071466
      0.55007816
      0.54864581
      0.54643807
      0.54329036
      0.53900311
      0.53358197
      0.52733481
      0.52130340
      0.51671755
      0.51410497
      0.51314051
      0.51323957
      0.51386408
      0.51467611
      0.51553362
      0.51656297
      0.51804293
      0.52021278
      0.52319048
      0.52697787
      0.53146145
      0.53669839
      0.54309943
      0.55096134
      0.55928480
      0.56593419
      0.56906526
      0.56902719
      0.56795037
      0.56792330
      0.57003265
      0.57432435
      0.58045722
      0.58812739
      0.59718392
      0.60754267
      0.61913261
      0.63171898
      0.64469546
      0.65766442
      0.67088475
      0.68497047
      0.69987623
      0.71498041
      0.73002600
      0.74538213
      0.76138887
      0.77771968
      0.79318516
      0.80679762
      0.81883362
      0.83075217
      0.84380268
      0.85788580
      0.87222469
      0.88636128
      0.90059606
      0.91570805
      0.93206180
      0.94836492
      0.96285074
      0.97418574
      0.98221978
      0.98828005
      0.99389755
      0.99998217
       1.0065730
       1.0133819
       1.0201736
       1.0265773
       1.0319654
       1.0357967
       1.0378866
       1.0387011
       1.0387974
       1.0383176
       1.0369009
       1.0342156
       1.0300200
       1.0242761
       1.0171684
       1.0090542
       1.0002141
      0.99083219
      0.98109396
      0.97104466
      0.96059157
      0.94962917
      0.93819457
      0.92643501
      0.91453989
      0.90262436
      0.89057770
      0.87805266
      0.86491660
      0.85108491
      0.83564143
      0.81770748
      0.79803383
      0.77830785
      0.75944474
      0.74179153
      0.72530558
      0.70980661
      0.69529405
      0.68196400
      0.66992882
      0.65884570
      0.64809184
      0.63751783
      0.62789318
      0.62028970
      0.61312714
      0.60372109
      0.59231142
      0.58045378
      0.56931253
      0.55908377
      0.54959923
      0.54092240
      0.53326930
      0.52678971
      0.52141852
      0.51701012
      0.51321668
      0.50948837
      0.50518062
      0.50057624
      0.49665753
      0.49439724
      0.49382831
      0.49360107
      0.49208144
      0.48800211
      0.48209447
      0.47644023
      0.47215338
      0.46909811
      0.46673013
      0.46475890
      0.46315657
      0.46205355
      0.46160821
      0.46176907
      0.46215050
      0.46230291
      0.46209140
      0.46141421
      0.46028917
      0.45881202
      0.45705957
      0.45539709
      0.45392445
      0.45242468
      0.45032074
      0.44828004
      0.44712010
      0.44677085
      0.44612574
      0.44478628
      0.44374503
      0.44444416
      0.44564148
      0.44368594
      0.43603399
      0.42424612
      0.41218265
      0.40232858
      0.39505800
      0.38963907
      0.38510995
      0.38079554
      0.37700218
      0.37411384
      0.37213549
      0.37082063
      0.36994474
      0.36928805
      0.36872918
      0.36833675
      0.36828672
      0.36889767
      0.37022102
      0.37218644
      0.37479336
      0.37816607
      0.38242211
      0.38740717
      0.39256152
      0.39722542
      0.40108047
      0.40445471
      0.40806358
      0.41249095
      0.41778826
      0.42360399
      0.42950358
      0.43531105
      0.44129945
      0.44792460
      0.45553246
      0.46426774
      0.47403287
      0.48448810
      0.49540879
      0.50697788
      0.51955418
      0.53280380
      0.54589417
      0.55781036
      0.56818959
      0.57749397
      0.58663914
      0.59663255
      0.60748590
      0.61742620
      0.62412265
      0.62713045
      0.62770364
      0.62703754
      0.62653236
      0.62708861
      0.62953855
      0.63402426
      0.64008102
      0.64694506
      0.65393319
      0.66070308
      0.66730081
      0.67388907
      0.68039205
      0.68647535
      0.69198129
      0.69711341
      0.70223855
      0.70750042
      0.71261580
      0.71719924
      0.72110138
      0.72447057
      0.72754510
      0.73044786
      0.73321606
      0.73583887
      0.73828625
      0.74050727
      0.74248023
      0.74436428
      0.74648296
      0.74887373
      0.75094838
      0.75192688
      0.75122646
      0.74892581
      0.74545926
      0.74127500
      0.73728267
      0.73379533
      0.72902811
      0.72159823
      0.71290604
      0.70549421
      0.70041752
      0.69723797
      0.69504910
      0.69327060
      0.69162832
      0.68984198
      0.68759920
      0.68470330
      0.68129923
      0.67763212
      0.67379465
      0.66980421
      0.66570232
      0.66156279
      0.65748389
      0.65358872
      0.65001162
      0.64680882
      0.64388884
      0.64105522
      0.63811044
      0.63496675
      0.63172275
      0.62859498
      0.62576661
      0.62335595
      0.62147227
      0.62005727
      0.61844423
      0.61555151
      0.61045364
      0.60286485
      0.59305969
      0.58192545
      0.57115935
      0.56209812
      0.55506892
      0.54940616
      0.54365243
      0.53645218
      0.52760820
      0.51824451
      0.50974052
      0.50255225
      0.49635466
      0.49071835
      0.48544280
      0.48048700
      0.47580908
      0.47122983
      0.46640154
      0.46092166
      0.45459004
      0.44765967
      0.44071540
      0.43427911
      0.42851195
      0.42328127
      0.41842737
      0.41391707
      0.40981469
      0.40614382
      0.40264470
      0.39866159
      0.39390426
      0.38880426
      0.38384062
      0.37904636
      0.37410786
      0.36880613
      0.36320407
      0.35751504
      0.35196907
      0.34683882
      0.34229037
      0.33826253
      0.33452586
      0.33086587
      0.32721511
      0.32360722
      0.32008583
      0.31667943
      0.31343378
      0.31042660
      0.30769614
      0.30514235
      0.30258662
      0.29989721
      0.29702395
      0.29406767
      0.29118060
      0.28811003
      0.28440646
      0.28037775
      0.27657602
      0.27239394
      0.26695319
      0.26064650
      0.25447767
      0.24912884
      0.24470527
      0.24098307
      0.23770005
      0.23463395
      0.23165350
      0.22873499
      0.22588110
      0.22297705
      0.21981751
      0.21633450
      0.21274897
      0.20937627
      0.20638005
      0.20374959
      0.20139151
      0.19918786
      0.19702455
      0.19482567
      0.19244403
      0.18962710
      0.18628557
      0.18261095
      0.17891682
      0.17545934
      0.17232952
      0.16952164
      0.16699208
      0.16468346
      0.16253484
      0.16050110
      0.15855133
      0.15666105
      0.15483353
      0.15309870
      0.15142738
      0.14974401
      0.14803579
      0.14628096
      0.14441203
      0.14255430
      0.14094893
      0.13939822
      0.13749963
      0.13517794
      0.13269157
      0.13032478
      0.12821307
      0.12635475
      0.12470374
      0.12318331
      0.12171519
      0.12025606
      0.11880708
      0.11739646
      0.11602891
      0.11464278
      0.11309291
      0.11121324
      0.10891680
      0.10628274
      0.10358790
      0.10111386
     0.098969338
     0.097126219
     0.095513095
     0.094066872
     0.092724844
     0.091409065
     0.090048996
     0.088624244
     0.087189876
     0.085829910
     0.084593007
     0.083465404
     0.082399994
     0.081354524
     0.080307565
     0.079271291
     0.078259200
     0.077295675
     0.076410423
     0.075580202
     0.074760708
     0.073925200
     0.073060256
     0.072166433
     0.071264603
     0.070380083
     0.069511864
     0.068647803
     0.067795501
     0.066974946
     0.066189946
     0.065422248
     0.064639330
     0.063816168
     0.062942920
     0.062031804
     0.061112528
     0.060213253
     0.059345440
     0.058506586
     0.057690678
     0.056893174
     0.056110962
     0.055341555
     0.054582857
     0.053833247
     0.053091579
     0.052356944
     0.051628100
     0.050902421
