       12.755650
       12.719384
       12.683178
       12.647059
       12.611033
       12.575099
       12.539258
       12.503508
       12.467851
       12.432286
       12.396812
       12.361430
       12.326139
       12.290938
       12.255828
       12.220808
       12.185879
       12.151039
       12.116288
       12.081627
       12.047056
       12.012572
       11.978178
       11.943873
       11.909656
       11.875530
       11.841497
       11.807562
       11.773733
       11.740025
       11.706462
       11.673074
       11.639902
       11.606990
       11.574376
       11.542075
       11.510059
       11.478246
       11.446495
       11.414619
       11.382417
       11.349720
       11.316426
       11.282511
       11.248011
       11.212972
       11.177387
       11.141099
       11.103685
       11.064349
       11.022117
       10.976466
       10.928315
       10.880616
       10.837636
       10.803025
       10.778418
       10.763498
       10.756894
       10.756996
       10.762386
       10.771983
       10.785015
       10.800931
       10.819309
       10.839774
       10.861951
       10.885501
       10.910124
       10.935546
       10.961525
       10.987826
       11.014234
       11.040549
       11.066595
       11.092246
       11.117409
       11.142027
       11.166092
       11.189620
       11.212641
       11.235187
       11.257281
       11.278947
       11.300218
       11.321139
       11.341765
       11.362142
       11.382289
       11.402201
       11.421837
       11.441138
       11.460027
       11.478428
       11.496269
       11.513501
       11.530039
       11.545877
       11.561094
       11.575584
       11.589320
       11.602246
       11.614303
       11.625398
       11.635469
       11.644469
       11.652390
       11.659265
       11.665169
       11.670214
       11.674543
       11.678322
       11.681726
       11.684935
       11.688106
       11.691367
       11.694802
       11.698441
       11.702262
       11.706185
       11.710088
       11.713815
       11.717196
       11.720060
       11.722252
       11.723652
       11.724180
       11.723811
       11.722563
       11.720475
       11.717612
       11.714041
       11.709847
       11.705139
       11.700043
       11.694688
       11.689190
       11.683654
       11.678168
       11.672803
       11.667611
       11.662632
       11.657890
       11.653389
       11.649131
       11.645081
       11.641217
       11.637482
       11.633830
       11.630210
       11.626558
       11.622798
       11.618851
       11.614640
       11.610087
       11.605133
       11.599727
       11.593838
       11.587435
       11.580488
       11.572954
       11.564777
       11.555891
       11.546234
       11.535754
       11.524413
       11.512186
       11.499057
       11.485010
       11.470031
       11.454115
       11.437274
       11.419525
       11.400919
       11.381565
       11.361693
       11.341681
       11.321999
       11.302987
       11.284649
       11.266649
       11.248534
       11.229910
       11.210632
       11.190744
       11.170216
       11.148918
       11.126742
       11.103646
       11.079629
       11.054701
       11.028867
       11.002105
       10.974326
       10.945343
       10.914883
       10.882649
       10.848401
       10.812068
       10.773863
       10.734308
       10.693976
       10.653281
       10.612780
       10.572896
       10.533789
       10.495468
       10.457907
       10.421046
       10.384811
       10.349100
       10.313802
       10.278833
       10.244095
       10.209500
       10.174985
       10.140491
       10.105961
       10.071339
       10.036564
       10.001584
       9.9663473
       9.9308076
       9.8949368
       9.8587098
       9.8221112
       9.7851280
       9.7477376
       9.7099279
       9.6716934
       9.6330295
       9.5939362
       9.5544306
       9.5145415
       9.4743101
       9.4337858
       9.3930169
       9.3520425
       9.3108864
       9.2695429
       9.2279906
       9.1861889
       9.1440858
       9.1016197
       9.0587364
       9.0153632
       8.9714483
       8.9269209
       8.8817396
       8.8358878
       8.7894048
       8.7423758
       8.6949432
       8.6472442
       8.5994128
       8.5515799
       8.5038644
       8.4563880
       8.4092634
       8.3626076
       8.3165334
       8.2711401
       8.2265114
       8.1826985
       8.1396926
       8.0974616
       8.0559450
       8.0150987
       7.9749116
       7.9354057
       7.8966392
       7.8586864
       7.8216322
       7.7855613
       7.7505642
       7.7167358
       7.6841421
       7.6527413
       7.6223026
       7.5923645
       7.5623023
       7.5317140
       7.5005684
       7.4685674
       7.4355101
       7.4014747
       7.3666735
       7.3313497
       7.2957208
       7.2600312
       7.2244740
       7.1893331
       7.1551199
       7.1223535
       7.0909824
       7.0599532
       7.0278912
       6.9939796
       6.9581929
       6.9211899
       6.8837073
       6.8460869
       6.8083527
       6.7704475
       6.7323639
       6.6941395
       6.6558092
       6.6173625
       6.5787666
       6.5400307
       6.5012855
       6.4627957
       6.4250192
       6.3886594
       6.3540687
       6.3205573
       6.2863412
       6.2482546
       6.2040641
       6.1547598
       6.1050919
       6.0581322
       6.0132822
       5.9693304
       5.9255996
       5.8817671
       5.8375391
       5.7926949
       5.7470832
       5.7006423
       5.6533452
       5.6051566
       5.5559954
       5.5057209
       5.4541871
       5.4012352
       5.3467368
       5.2907071
       5.2332209
       5.1744344
       5.1145414
       5.0537651
       4.9923100
       4.9303266
       4.8678832
       4.8049442
       4.7413807
       4.6769928
       4.6117354
       4.5462503
       4.4826055
       4.4236196
       4.3700663
       4.3168662
       4.2566090
       4.1847094
       4.1030606
       4.0169502
       3.9293663
       3.8414622
       3.7532839
       3.6643465
       3.5744681
       3.4838787
       3.3929118
       3.3018666
       3.2109394
       3.1202585
       3.0298995
       2.9398946
       2.8502754
       2.7610882
       2.6723995
       2.5843465
       2.4971133
       2.4109639
       2.3262230
       2.2432412
       2.1623632
       2.0838530
       2.0079715
       1.9348410
       1.8646401
       1.7973987
       1.7332271
       1.6720877
       1.6139992
       1.5588769
       1.5066236
       1.4571685
       1.4104505
       1.3663571
       1.3247640
       1.2855768
       1.2488630
       1.2146750
       1.1827484
       1.1526098
       1.1239168
       1.0966331
       1.0710408
       1.0474204
       1.0257864
       1.0059799
      0.98777466
      0.97105015
      0.95566582
      0.94158324
      0.92882100
      0.91730663
      0.90691636
      0.89750562
      0.88892541
      0.88104401
      0.87375771
      0.86700148
      0.86073658
      0.85491019
      0.84946907
      0.84434354
      0.83946702
      0.83480379
      0.83036574
      0.82626937
      0.82261074
      0.81936348
      0.81631152
      0.81307488
      0.80956685
      0.80619943
      0.80351759
      0.80180999
      0.80118218
      0.80165467
      0.80311237
      0.80537648
      0.80831121
      0.81185617
      0.81598834
      0.82069669
      0.82599784
      0.83201293
      0.83897302
      0.84705170
      0.85597570
      0.86516901
      0.87448629
      0.88431854
      0.89531025
      0.90761812
      0.92119670
      0.93592889
      0.95199060
      0.96971644
      0.98928278
       1.0104344
       1.0328243
       1.0559842
       1.0796095
       1.1034865
       1.1274704
       1.1513673
       1.1751045
       1.1984813
       1.2209864
       1.2418176
       1.2603271
       1.2767161
       1.2916267
       1.3052309
       1.3169734
       1.3260810
       1.3326282
       1.3367093
       1.3389467
       1.3398190
       1.3394473
       1.3376602
       1.3343736
       1.3296006
       1.3234614
       1.3161494
       1.3078470
       1.2987039
       1.2888315
       1.2782858
       1.2670996
       1.2552786
       1.2427765
       1.2294854
       1.2152522
       1.1999341
       1.1834761
       1.1659601
       1.1476149
       1.1286711
       1.1092175
       1.0891642
       1.0683571
       1.0467011
       1.0242665
       1.0012124
      0.97774618
      0.95409294
      0.93038435
      0.90660711
      0.88262298
      0.85835838
      0.83395530
      0.80977046
      0.78622956
      0.76371698
      0.74258715
      0.72331050
      0.70632565
      0.69133572
      0.67722462
      0.66299217
      0.64818675
      0.63324984
      0.61876465
      0.60472494
      0.59090743
      0.57727083
      0.56403661
      0.55163562
      0.54039217
      0.53034400
      0.52134044
      0.51319486
      0.50583627
      0.49924960
      0.49344510
      0.48842273
      0.48418618
      0.48075643
      0.47816945
      0.47641851
      0.47539061
      0.47498181
      0.47470259
      0.47363944
      0.47140290
      0.46847575
      0.46553052
      0.46298623
      0.46090156
      0.45909334
      0.45738540
      0.45573492
      0.45397244
      0.45188427
      0.44942188
      0.44669904
      0.44391391
      0.44124934
      0.43876148
      0.43645758
      0.43438679
      0.43261346
      0.43118799
      0.43012014
      0.42932947
      0.42869105
      0.42811581
      0.42786609
      0.42760002
      0.42606272
      0.42283801
      0.41865983
      0.41490793
      0.41208733
      0.41040059
      0.41020055
      0.41185015
      0.41528935
      0.42023682
      0.42646474
      0.43386046
      0.44240899
      0.45208531
      0.46282640
      0.47455650
      0.48718215
      0.50059868
      0.51485636
      0.53029801
      0.54669752
      0.56203677
      0.57463653
      0.58394838
      0.59148842
      0.59918435
      0.60767151
      0.61657804
      0.62601533
      0.63634757
      0.64765915
      0.65976488
      0.67239785
      0.68533744
      0.69840608
      0.71146425
      0.72442570
      0.73720822
      0.74966942
      0.76164552
      0.77300770
      0.78358866
      0.79314690
      0.80146690
      0.80842758
      0.81407338
      0.81864511
      0.82262158
      0.82680539
      0.83168386
      0.83631574
      0.83904140
      0.83934379
      0.83714955
      0.83331306
      0.82964883
      0.82737900
      0.82558769
      0.82271461
      0.81771731
      0.81253254
      0.80863391
      0.80627511
      0.80470484
      0.80308809
      0.80095496
      0.79793048
      0.79409245
      0.78964854
      0.78459929
      0.77879310
      0.77203160
      0.76416417
      0.75532049
      0.74594143
      0.73659055
      0.72760030
      0.71854755
      0.70854035
      0.69674507
      0.68295588
      0.66793650
      0.65286829
      0.63865844
      0.62564641
      0.61377023
      0.60286506
      0.59283032
      0.58359479
      0.57497888
      0.56660916
      0.55798175
      0.54884507
      0.53955567
      0.53069296
      0.52228794
      0.51396893
      0.50535600
      0.49650030
      0.48816204
      0.48136982
      0.47631768
      0.47145313
      0.46469035
      0.45593921
      0.44687171
      0.43874328
      0.43180708
      0.42556976
      0.41920649
      0.41246100
      0.40588047
      0.40000845
      0.39498029
      0.39067810
      0.38716707
      0.38449070
      0.38256067
      0.38123724
      0.38035801
      0.37983851
      0.37969877
      0.37995509
      0.38050336
      0.38116290
      0.38172627
      0.38199624
      0.38178367
      0.38116955
      0.38085125
      0.38126702
      0.38155339
      0.37989312
      0.37558724
      0.36961065
      0.36391769
      0.35949727
      0.35651990
      0.35479047
      0.35396874
      0.35365239
      0.35348666
      0.35324500
      0.35294455
      0.35278293
      0.35276696
      0.35287660
      0.35315271
      0.35334314
      0.35322678
      0.35322022
      0.35337142
      0.35331603
      0.35370595
      0.35509295
      0.35552441
      0.35440144
      0.35278220
      0.35172617
      0.35112266
      0.35040539
      0.34826440
      0.34530822
      0.34302754
      0.34206870
      0.34212800
      0.34268479
      0.34352501
      0.34476152
      0.34658030
      0.34886889
      0.35127552
      0.35352610
      0.35588663
      0.35891514
      0.36297587
      0.36781090
      0.37285032
      0.37771765
      0.38266585
      0.38813380
      0.39445995
      0.40158432
      0.40905081
      0.41649499
      0.42400427
      0.43186402
      0.44027162
      0.44923583
      0.45871428
      0.46864731
      0.47893907
      0.48922542
      0.49907601
      0.50838340
      0.51730277
      0.52609378
      0.53497415
      0.54427184
      0.55436311
      0.56510256
      0.57536870
      0.58410244
      0.59130144
      0.59782871
      0.60483514
      0.61272108
      0.62122078
      0.62996669
      0.63879173
      0.64770092
      0.65674233
      0.66581533
      0.67462456
      0.68306796
      0.69143631
      0.69992424
      0.70837601
      0.71631909
      0.72323979
      0.72861692
      0.73206956
      0.73361454
      0.73368160
      0.73271337
      0.73087525
      0.72795039
      0.72360597
      0.71834264
      0.71372734
      0.71076456
      0.70923049
      0.70839843
      0.70788645
      0.70770604
      0.70786613
      0.70816160
      0.70821562
      0.70777365
      0.70701332
      0.70649565
      0.70662581
      0.70714299
      0.70696688
      0.70482005
      0.70008967
      0.69344831
      0.68646556
      0.68062491
      0.67645192
      0.67373970
      0.67200201
      0.67077870
      0.66972690
      0.66863679
      0.66753758
      0.66663957
      0.66604674
      0.66533790
      0.66365396
      0.66029466
      0.65546589
      0.65018337
      0.64524202
      0.64059685
      0.63575464
      0.63061046
      0.62564320
      0.62096714
      0.61545314
      0.60794572
      0.59880917
      0.59008437
      0.58314166
      0.57788926
      0.57353778
      0.56940820
      0.56519902
      0.56088487
      0.55655674
      0.55227510
      0.54804948
      0.54393852
      0.54011178
      0.53677549
      0.53401402
      0.53171623
      0.52959226
      0.52727266
      0.52450271
      0.52129939
      0.51780916
      0.51410394
      0.51024318
      0.50632509
      0.50231016
      0.49797989
      0.49303618
      0.48708902
      0.47982722
      0.47144641
      0.46285627
      0.45503203
      0.44833758
      0.44263714
      0.43764650
      0.43312086
      0.42885365
      0.42463978
      0.42026851
      0.41553941
      0.41031031
      0.40456721
      0.39844399
      0.39215592
      0.38596018
      0.38013420
      0.37485827
      0.37015535
      0.36592467
      0.36200788
      0.35821027
      0.35427041
      0.34998323
      0.34532821
      0.34045483
      0.33546614
      0.33040645
      0.32550818
      0.32098008
      0.31669519
      0.31242206
      0.30809518
      0.30378209
      0.29960645
      0.29567778
      0.29206550
      0.28878696
      0.28577631
      0.28288803
      0.27995798
      0.27689863
      0.27374437
      0.27061574
      0.26761859
      0.26474840
      0.26186228
      0.25877500
      0.25544380
      0.25206490
      0.24894824
      0.24622571
      0.24367472
      0.24101664
      0.23822559
      0.23541505
      0.23237371
      0.22896837
      0.22542616
      0.22197269
      0.21855508
      0.21486381
      0.21069999
      0.20629217
      0.20201880
      0.19808663
      0.19451898
      0.19132180
      0.18844263
      0.18571058
      0.18292381
      0.17999841
      0.17701678
      0.17413031
      0.17145349
      0.16903247
      0.16683007
      0.16469702
      0.16246510
      0.16009155
      0.15765872
      0.15521181
      0.15265776
      0.14986029
      0.14684418
      0.14382390
      0.14102311
      0.13852213
      0.13627553
      0.13420062
      0.13224247
      0.13038881
      0.12866181
      0.12708276
      0.12562216
      0.12416908
      0.12261574
      0.12091634
      0.11911225
      0.11734136
      0.11566272
      0.11396228
      0.11212342
      0.11015757
      0.10816483
      0.10624246
      0.10443376
      0.10274454
      0.10118700
     0.099759328
     0.098400120
     0.097023517
     0.095606041
     0.094167005
     0.092670138
     0.091031538
     0.089232034
     0.087353753
     0.085513167
     0.083787871
     0.082200575
     0.080749262
     0.079423067
     0.078198653
     0.077056200
     0.075994765
     0.075011442
     0.074081325
     0.073183460
     0.072318697
     0.071499888
     0.070729298
     0.069994762
     0.069273207
     0.068538529
     0.067770093
     0.066958155
     0.066104666
     0.065224110
     0.064337490
     0.063460507
     0.062599732
     0.061755022
     0.060921853
     0.060096610
     0.059278659
     0.058470239
     0.057673306
     0.056887742
     0.056112183
     0.055345417
     0.054586850
     0.053836270
     0.053093475
     0.052357979
     0.051628615
     0.050902699
