       12.755632
       12.719380
       12.683177
       12.647059
       12.611033
       12.575099
       12.539258
       12.503508
       12.467851
       12.432286
       12.396812
       12.361430
       12.326139
       12.290938
       12.255828
       12.220808
       12.185879
       12.151039
       12.116288
       12.081627
       12.047056
       12.012573
       11.978178
       11.943873
       11.909658
       11.875533
       11.841502
       11.807570
       11.773746
       11.740044
       11.706484
       11.673094
       11.639904
       11.606945
       11.574236
       11.541773
       11.509507
       11.477341
       11.445126
       11.412679
       11.379805
       11.346331
       11.312138
       11.277172
       11.241446
       11.205019
       11.167971
       11.130356
       11.092122
       11.053000
       11.012417
       10.969694
       10.924673
       10.878528
       10.833930
       10.794087
       10.761588
       10.737695
       10.722371
       10.714720
       10.713454
       10.717259
       10.724980
       10.735679
       10.748627
       10.763267
       10.779197
       10.796152
       10.813851
       10.832074
       10.850668
       10.869480
       10.888351
       10.907122
       10.925635
       10.943737
       10.961296
       10.978206
       10.994390
       11.009812
       11.024485
       11.038478
       11.051893
       11.064831
       11.077360
       11.089499
       11.101233
       11.112523
       11.123337
       11.133659
       11.143494
       11.152894
       11.161950
       11.170775
       11.179477
       11.188117
       11.196680
       11.205098
       11.213260
       11.221039
       11.228328
       11.235040
       11.241114
       11.246509
       11.251196
       11.255155
       11.258371
       11.260837
       11.262562
       11.263576
       11.263938
       11.263726
       11.263033
       11.261953
       11.260570
       11.258949
       11.257143
       11.255190
       11.253108
       11.250905
       11.248573
       11.246093
       11.243441
       11.240602
       11.237556
       11.234299
       11.230829
       11.227148
       11.223257
       11.219159
       11.214858
       11.210360
       11.205673
       11.200818
       11.195821
       11.190696
       11.185459
       11.180133
       11.174736
       11.169258
       11.163691
       11.158017
       11.152200
       11.146196
       11.139959
       11.133438
       11.126588
       11.119377
       11.111774
       11.103751
       11.095269
       11.086288
       11.076758
       11.066643
       11.055903
       11.044492
       11.032369
       11.019500
       11.005854
       10.991410
       10.976157
       10.960095
       10.943247
       10.925645
       10.907329
       10.888343
       10.868730
       10.848529
       10.827771
       10.806481
       10.784678
       10.762374
       10.739576
       10.716289
       10.692511
       10.668241
       10.643477
       10.618233
       10.592530
       10.566404
       10.539895
       10.513050
       10.485924
       10.458575
       10.431046
       10.403398
       10.375676
       10.347919
       10.320148
       10.292371
       10.264592
       10.236810
       10.209021
       10.181212
       10.153364
       10.125445
       10.097412
       10.069224
       10.040826
       10.012154
       9.9831629
       9.9538165
       9.9240798
       9.8939411
       9.8633943
       9.8324484
       9.8011448
       9.7695448
       9.7377786
       9.7060270
       9.6745285
       9.6435226
       9.6131526
       9.5833104
       9.5534091
       9.5223902
       9.4891461
       9.4529438
       9.4134817
       9.3711346
       9.3265659
       9.2806067
       9.2340627
       9.1875000
       9.1412502
       9.0954627
       9.0501951
       9.0054356
       8.9611274
       8.9171892
       8.8735345
       8.8300802
       8.7867345
       8.7433952
       8.6999450
       8.6562805
       8.6123432
       8.5681479
       8.5237778
       8.4793783
       8.4351433
       8.3913031
       8.3480858
       8.3056269
       8.2638524
       8.2224351
       8.1809190
       8.1389437
       8.0964232
       8.0535435
       8.0106243
       7.9679659
       7.9257836
       7.8842127
       7.8433304
       7.8031970
       7.7638461
       7.7252721
       7.6874190
       7.6501562
       7.6133113
       7.5766817
       7.5400631
       7.5034302
       7.4668402
       7.4301663
       7.3933261
       7.3562961
       7.3190672
       7.2816338
       7.2439960
       7.2061575
       7.1681123
       7.1298637
       7.0914217
       7.0528130
       7.0140819
       6.9753017
       6.9365609
       6.8979560
       6.8595452
       6.8213557
       6.7833995
       6.7456918
       6.7082660
       6.6710861
       6.6339466
       6.5964044
       6.5579807
       6.5184910
       6.4782991
       6.4382228
       6.3989877
       6.3608427
       6.3237602
       6.2876275
       6.2522981
       6.2177187
       6.1837871
       6.1504029
       6.1174740
       6.0849271
       6.0527163
       6.0208131
       5.9891898
       5.9578367
       5.9267389
       5.8958787
       5.8652334
       5.8347723
       5.8044643
       5.7742857
       5.7442033
       5.7141782
       5.6841649
       5.6540780
       5.6238482
       5.5933912
       5.5626571
       5.5316043
       5.5001864
       5.4683381
       5.4360273
       5.4032713
       5.3701771
       5.3369803
       5.3040568
       5.2719073
       5.2411523
       5.2124971
       5.1863675
       5.1617805
       5.1352659
       5.1022625
       5.0596790
       5.0072890
       4.9487157
       4.8878571
       4.8272971
       4.7675520
       4.7083646
       4.6493511
       4.5902461
       4.5307762
       4.4707185
       4.4098680
       4.3480125
       4.2849897
       4.2207702
       4.1554181
       4.0889235
       4.0209692
       3.9509015
       3.8782877
       3.8037761
       3.7291147
       3.6558938
       3.5844610
       3.5130765
       3.4382884
       3.3579081
       3.2727982
       3.1851597
       3.0979576
       3.0124842
       2.9283345
       2.8448631
       2.7616944
       2.6787166
       2.5959261
       2.5134217
       2.4312094
       2.3493486
       2.2677913
       2.1865477
       2.1056451
       2.0251998
       1.9454415
       1.8667207
       1.7894533
       1.7141404
       1.6412173
       1.5710996
       1.5041137
       1.4405503
       1.3805613
       1.3242722
       1.2717200
       1.2228589
       1.1776051
       1.1358325
       1.0974047
       1.0623440
       1.0314198
       1.0059152
      0.98640623
      0.97083358
      0.95573839
      0.93937614
      0.92229077
      0.90592693
      0.89031130
      0.87552092
      0.86192234
      0.84946547
      0.83806535
      0.82766380
      0.81828754
      0.80995372
      0.80253320
      0.79588002
      0.79006446
      0.78534375
      0.78192608
      0.77967433
      0.77750990
      0.77383482
      0.76818865
      0.76204815
      0.75671186
      0.75187603
      0.74691611
      0.74186041
      0.73694649
      0.73226318
      0.72785295
      0.72375921
      0.72001363
      0.71662091
      0.71353368
      0.71072415
      0.70829691
      0.70618445
      0.70429873
      0.70272400
      0.70172039
      0.70155427
      0.70237373
      0.70423648
      0.70710561
      0.71089686
      0.71548558
      0.72059625
      0.72589305
      0.73113201
      0.73621708
      0.74148417
      0.74758366
      0.75510777
      0.76431224
      0.77525344
      0.78792345
      0.80224619
      0.81809083
      0.83527695
      0.85361885
      0.87290634
      0.89292551
      0.91350786
      0.93442626
      0.95547648
      0.97642767
      0.99706559
       1.0172275
       1.0367788
       1.0555978
       1.0735400
       1.0905095
       1.1064870
       1.1215191
       1.1356353
       1.1488128
       1.1609731
       1.1720119
       1.1818357
       1.1903870
       1.1976377
       1.2035353
       1.2079671
       1.2109423
       1.2125734
       1.2125325
       1.2095245
       1.2021706
       1.1904687
       1.1756000
       1.1596897
       1.1435952
       1.1268099
       1.1085987
       1.0888279
       1.0680264
       1.0469169
       1.0258161
       1.0045543
      0.98281803
      0.96039265
      0.93735349
      0.91419586
      0.89162044
      0.87019194
      0.84977451
      0.82930260
      0.80812790
      0.78673695
      0.76585555
      0.74547580
      0.72543317
      0.70593242
      0.68721648
      0.66894365
      0.65049270
      0.63155961
      0.61244880
      0.59378502
      0.57578029
      0.55815942
      0.54085634
      0.52420148
      0.50861561
      0.49439002
      0.48165674
      0.47036571
      0.46035832
      0.45149212
      0.44362758
      0.43663265
      0.43041863
      0.42490027
      0.41998094
      0.41549604
      0.41125961
      0.40719298
      0.40336215
      0.39990272
      0.39694722
      0.39445889
      0.39234646
      0.39053153
      0.38910253
      0.38814819
      0.38781659
      0.38814505
      0.38896868
      0.38980099
      0.38995261
      0.38892937
      0.38665662
      0.38361165
      0.38037999
      0.37734124
      0.37468054
      0.37251221
      0.37085820
      0.36971507
      0.36907319
      0.36886389
      0.36895624
      0.36927935
      0.36990169
      0.37102939
      0.37267238
      0.37418535
      0.37517033
      0.37531943
      0.37461909
      0.37405911
      0.37401782
      0.37415960
      0.37450589
      0.37513715
      0.37608568
      0.37740771
      0.37910903
      0.38125080
      0.38382554
      0.38677282
      0.38992806
      0.39338499
      0.39733734
      0.40209262
      0.40813528
      0.41557461
      0.42399921
      0.43276289
      0.44156331
      0.45056083
      0.46016773
      0.47067369
      0.48208560
      0.49423635
      0.50686072
      0.51970590
      0.53259920
      0.54549778
      0.55835294
      0.57102320
      0.58314005
      0.59433062
      0.60444631
      0.61358604
      0.62196343
      0.62980705
      0.63747947
      0.64532521
      0.65316437
      0.66042725
      0.66699925
      0.67377137
      0.68092282
      0.68686711
      0.68973424
      0.69060983
      0.69187259
      0.69459145
      0.69821231
      0.70150868
      0.70376419
      0.70492620
      0.70544415
      0.70588857
      0.70652197
      0.70729942
      0.70810393
      0.70883247
      0.70928444
      0.70929559
      0.70898091
      0.70840713
      0.70725944
      0.70523710
      0.70254973
      0.70003793
      0.69805464
      0.69580212
      0.69189231
      0.68574843
      0.67787054
      0.66846602
      0.65769041
      0.64609141
      0.63409161
      0.62160778
      0.60814514
      0.59386198
      0.57989373
      0.56733789
      0.55652338
      0.54713653
      0.53859785
      0.53046052
      0.52262110
      0.51505904
      0.50753612
      0.49955485
      0.49081756
      0.48166460
      0.47263099
      0.46403350
      0.45586130
      0.44797904
      0.44044863
      0.43345221
      0.42705222
      0.42115614
      0.41572756
      0.41085330
      0.40657462
      0.40282202
      0.39927592
      0.39543691
      0.39142525
      0.38815514
      0.38614447
      0.38476273
      0.38292225
      0.37956782
      0.37511717
      0.37102870
      0.36663173
      0.36015178
      0.35214702
      0.34478998
      0.33951470
      0.33643357
      0.33482893
      0.33397564
      0.33354411
      0.33339958
      0.33332154
      0.33310960
      0.33267944
      0.33191720
      0.33087830
      0.32978479
      0.32892638
      0.32848712
      0.32850096
      0.32888999
      0.32953585
      0.33033248
      0.33120079
      0.33225658
      0.33371626
      0.33553374
      0.33716407
      0.33795966
      0.33766251
      0.33665665
      0.33564524
      0.33489353
      0.33380680
      0.33165946
      0.32819815
      0.32428446
      0.32092412
      0.31850087
      0.31675904
      0.31525231
      0.31406022
      0.31361737
      0.31355583
      0.31355774
      0.31436401
      0.31589280
      0.31636729
      0.31468854
      0.31169823
      0.30906972
      0.30766826
      0.30731053
      0.30752179
      0.30827331
      0.30994442
      0.31246308
      0.31470307
      0.31541999
      0.31464656
      0.31334596
      0.31301258
      0.31434801
      0.31708792
      0.32080063
      0.32521251
      0.33019136
      0.33569200
      0.34171156
      0.34819233
      0.35495130
      0.36176172
      0.36863787
      0.37589107
      0.38380139
      0.39242372
      0.40156375
      0.41102617
      0.42077594
      0.43088235
      0.44139233
      0.45227017
      0.46348173
      0.47497993
      0.48675312
      0.49896203
      0.51169392
      0.52442071
      0.53630684
      0.54701313
      0.55671946
      0.56572169
      0.57385122
      0.58084509
      0.58710090
      0.59324617
      0.59882347
      0.60243428
      0.60370360
      0.60372757
      0.60460808
      0.60736506
      0.61145757
      0.61605509
      0.62075967
      0.62551220
      0.63033044
      0.63523439
      0.64026342
      0.64536044
      0.65030584
      0.65496026
      0.65946026
      0.66388455
      0.66792888
      0.67100938
      0.67289669
      0.67393773
      0.67495566
      0.67653734
      0.67874281
      0.68130035
      0.68385341
      0.68608808
      0.68777699
      0.68887344
      0.68949753
      0.68987097
      0.69019775
      0.69056452
      0.69104739
      0.69189686
      0.69341351
      0.69551587
      0.69736403
      0.69767436
      0.69552869
      0.69133304
      0.68635895
      0.68162987
      0.67747828
      0.67367225
      0.66972931
      0.66522793
      0.66013272
      0.65479083
      0.64963425
      0.64492772
      0.64070010
      0.63675249
      0.63281502
      0.62870523
      0.62438607
      0.61979992
      0.61487480
      0.60964036
      0.60429627
      0.59916097
      0.59446905
      0.59027937
      0.58649782
      0.58297204
      0.57958057
      0.57629647
      0.57319338
      0.57039322
      0.56797459
      0.56586331
      0.56373314
      0.56104514
      0.55737073
      0.55276630
      0.54769159
      0.54225782
      0.53613712
      0.52926885
      0.52222858
      0.51564756
      0.50972142
      0.50427813
      0.49905717
      0.49387754
      0.48865118
      0.48337809
      0.47822868
      0.47342774
      0.46906489
      0.46507698
      0.46131018
      0.45757125
      0.45367487
      0.44953065
      0.44522753
      0.44099359
      0.43702284
      0.43337411
      0.43001397
      0.42688875
      0.42392985
      0.42102404
      0.41803493
      0.41489119
      0.41165974
      0.40854598
      0.40577031
      0.40332950
      0.40097862
      0.39847417
      0.39553563
      0.39144178
      0.38526245
      0.37707411
      0.36841390
      0.36076988
      0.35451293
      0.34923024
      0.34441048
      0.33979387
      0.33535035
      0.33111836
      0.32705339
      0.32299513
      0.31879190
      0.31444180
      0.31006687
      0.30578740
      0.30167893
      0.29778376
      0.29415185
      0.29079239
      0.28758777
      0.28429245
      0.28056226
      0.27615250
      0.27127874
      0.26641339
      0.26193569
      0.25797710
      0.25444001
      0.25109194
      0.24768954
      0.24414153
      0.24055909
      0.23710948
      0.23387436
      0.23083781
      0.22795852
      0.22522188
      0.22261331
      0.22009605
      0.21760607
      0.21507556
      0.21248155
      0.20987378
      0.20733864
      0.20495170
      0.20274813
      0.20064425
      0.19849759
      0.19631878
      0.19426956
      0.19206994
      0.18916668
      0.18539125
      0.18102347
      0.17654243
      0.17237134
      0.16877233
      0.16576239
      0.16318838
      0.16089616
      0.15878103
      0.15673175
      0.15460306
      0.15225459
      0.14960781
      0.14669761
      0.14366069
      0.14066111
      0.13781580
      0.13518956
      0.13280454
      0.13062845
      0.12858665
      0.12660182
      0.12462624
      0.12263683
      0.12060142
      0.11847430
      0.11625482
      0.11402589
      0.11190094
      0.10993925
      0.10813365
      0.10644232
      0.10481073
      0.10318594
      0.10154357
     0.099885132
     0.098219519
     0.096596828
     0.095072122
     0.093598577
     0.092068957
     0.090453510
     0.088804776
     0.087178930
     0.085610747
     0.084126774
     0.082760376
     0.081541357
     0.080473536
     0.079529342
     0.078663424
     0.077820776
     0.076939031
     0.075962850
     0.074908138
     0.073851382
     0.072834962
     0.071831275
     0.070798049
     0.069726157
     0.068659734
     0.067655932
     0.066736176
     0.065872356
     0.065022465
     0.064174851
     0.063337952
     0.062514815
     0.061699400
     0.060885729
     0.060073745
     0.059266356
     0.058465674
     0.057672494
     0.056887331
     0.056110798
     0.055343270
     0.054584655
     0.053834525
     0.053092318
     0.052357316
     0.051628275
     0.050902514
