       12.755636
       12.719381
       12.683177
       12.647059
       12.611033
       12.575099
       12.539258
       12.503508
       12.467851
       12.432286
       12.396812
       12.361430
       12.326139
       12.290938
       12.255828
       12.220808
       12.185879
       12.151039
       12.116288
       12.081627
       12.047056
       12.012573
       11.978179
       11.943875
       11.909661
       11.875541
       11.841519
       11.807604
       11.773810
       11.740158
       11.706674
       11.673390
       11.640333
       11.607514
       11.574910
       11.542446
       11.509971
       11.477262
       11.444030
       11.409960
       11.374762
       11.338231
       11.300288
       11.260997
       11.220547
       11.179182
       11.137112
       11.094363
       11.050634
       11.005223
       10.957450
       10.907160
       10.855822
       10.806783
       10.764222
       10.731178
       10.708590
       10.695623
       10.690671
       10.692062
       10.698400
       10.708618
       10.721935
       10.737760
       10.755641
       10.775202
       10.796114
       10.818082
       10.840848
       10.864189
       10.887917
       10.911866
       10.935900
       10.959894
       10.983724
       11.007258
       11.030403
       11.053157
       11.075587
       11.097770
       11.119766
       11.141597
       11.163206
       11.184480
       11.205274
       11.225458
       11.244952
       11.263737
       11.281859
       11.299394
       11.316437
       11.333090
       11.349337
       11.365130
       11.380598
       11.395860
       11.410884
       11.425623
       11.440038
       11.454031
       11.467485
       11.480295
       11.492359
       11.503580
       11.513919
       11.523356
       11.531910
       11.539627
       11.546557
       11.552753
       11.558272
       11.563168
       11.567499
       11.571309
       11.574641
       11.577524
       11.579994
       11.582083
       11.583828
       11.585278
       11.586477
       11.587459
       11.588222
       11.588766
       11.589064
       11.589088
       11.588789
       11.588112
       11.586996
       11.585390
       11.583248
       11.580546
       11.577280
       11.573463
       11.569118
       11.564281
       11.558987
       11.553291
       11.547241
       11.540886
       11.534268
       11.527415
       11.520350
       11.513101
       11.505698
       11.498174
       11.490558
       11.482861
       11.475086
       11.467208
       11.459169
       11.450901
       11.442319
       11.433324
       11.423823
       11.413726
       11.402976
       11.391557
       11.379504
       11.366910
       11.353867
       11.340419
       11.326532
       11.312106
       11.297023
       11.281211
       11.264670
       11.247490
       11.229800
       11.211713
       11.193283
       11.174523
       11.155445
       11.136085
       11.116504
       11.096793
       11.077044
       11.057227
       11.037174
       11.016726
       10.995802
       10.974366
       10.952437
       10.930098
       10.907414
       10.884411
       10.861121
       10.837545
       10.813679
       10.789531
       10.765113
       10.740435
       10.715516
       10.690364
       10.664996
       10.639402
       10.613584
       10.587517
       10.561171
       10.534505
       10.507475
       10.480028
       10.452117
       10.423691
       10.394717
       10.365162
       10.335018
       10.304281
       10.272967
       10.241102
       10.208718
       10.175853
       10.142552
       10.108865
       10.074830
       10.040469
       10.005795
       9.9708135
       9.9355073
       9.8998301
       9.8637464
       9.8271856
       9.7900848
       9.7523852
       9.7140642
       9.6750851
       9.6353714
       9.5948709
       9.5535648
       9.5114300
       9.4684396
       9.4245860
       9.3799023
       9.3344714
       9.2884235
       9.2419052
       9.1950629
       9.1480057
       9.1007732
       9.0533805
       9.0058828
       8.9583595
       8.9108641
       8.8634322
       8.8161003
       8.7689195
       8.7219706
       8.6753715
       8.6292275
       8.5836168
       8.5386066
       8.4942604
       8.4506153
       8.4077055
       8.3656090
       8.3245145
       8.2847525
       8.2466960
       8.2104389
       8.1753206
       8.1399834
       8.1037454
       8.0663218
       8.0273125
       7.9866509
       7.9444822
       7.9010416
       7.8565696
       7.8112920
       7.7654464
       7.7192773
       7.6730348
       7.6269676
       7.5813172
       7.5363092
       7.4921539
       7.4490346
       7.4071068
       7.3664856
       7.3272464
       7.2894190
       7.2529842
       7.2178773
       7.1839860
       7.1511557
       7.1191868
       7.0878402
       7.0568374
       7.0258739
       6.9946369
       6.9628892
       6.9305518
       6.8977646
       6.8647593
       6.8315315
       6.7976110
       6.7622737
       6.7250415
       6.6859387
       6.6454150
       6.6040046
       6.5620674
       6.5198222
       6.4774509
       6.4352007
       6.3933738
       6.3522434
       6.3119683
       6.2725945
       6.2340358
       6.1960787
       6.1584735
       6.1208784
       6.0829499
       6.0444392
       6.0053857
       5.9663989
       5.9275876
       5.8893040
       5.8515399
       5.8139684
       5.7763166
       5.7383138
       5.6996812
       5.6602138
       5.6198473
       5.5786610
       5.5367433
       5.4941268
       5.4507956
       5.4067031
       5.3617993
       5.3160735
       5.2695662
       5.2223529
       5.1744872
       5.1260828
       5.0772030
       5.0279547
       4.9784116
       4.9285868
       4.8784197
       4.8277586
       4.7763787
       4.7240075
       4.6703600
       4.6151771
       4.5582621
       4.4994819
       4.4387534
       4.3760102
       4.3111932
       4.2442162
       4.1749873
       4.1034606
       4.0297358
       3.9542417
       3.8780333
       3.8030907
       3.7316357
       3.6638825
       3.5959879
       3.5233256
       3.4431271
       3.3569666
       3.2684676
       3.1797644
       3.0916340
       3.0044954
       2.9185250
       2.8324007
       2.7431200
       2.6487597
       2.5504309
       2.4514991
       2.3555757
       2.2630550
       2.1728528
       2.0845688
       1.9986604
       1.9158149
       1.8365213
       1.7608443
       1.6888490
       1.6204549
       1.5556634
       1.4945165
       1.4370060
       1.3830763
       1.3326329
       1.2856022
       1.2419279
       1.2015642
       1.1645403
       1.1308932
       1.1006422
       1.0737156
       1.0497501
       1.0281307
       1.0082879
      0.98999111
      0.97329616
      0.95825118
      0.94487090
      0.93376223
      0.92530217
      0.91998211
      0.91733463
      0.91469083
      0.90840134
      0.89915544
      0.88902772
      0.87928433
      0.86985506
      0.86076225
      0.85210849
      0.84399833
      0.83638953
      0.82915083
      0.82216067
      0.81528000
      0.80831264
      0.80108134
      0.79348213
      0.78553266
      0.77742098
      0.76943660
      0.76190861
      0.75510894
      0.74923120
      0.74443853
      0.74080890
      0.73841954
      0.73719727
      0.73678019
      0.73661676
      0.73629720
      0.73615216
      0.73684041
      0.73784721
      0.73922969
      0.74125223
      0.74444504
      0.74912885
      0.75544238
      0.76343416
      0.77305742
      0.78424716
      0.79692860
      0.81100271
      0.82638519
      0.84303051
      0.86097069
      0.88021620
      0.90078865
      0.92250758
      0.94498675
      0.96780948
      0.99043335
       1.0123383
       1.0330534
       1.0524543
       1.0708336
       1.0886510
       1.1062573
       1.1237506
       1.1410265
       1.1578679
       1.1740054
       1.1891770
       1.2032135
       1.2160513
       1.2277284
       1.2382873
       1.2477430
       1.2560567
       1.2631970
       1.2691520
       1.2739217
       1.2774801
       1.2797531
       1.2806407
       1.2797553
       1.2769527
       1.2724685
       1.2669895
       1.2609242
       1.2546208
       1.2484335
       1.2425246
       1.2366041
       1.2294299
       1.2197152
       1.2071670
       1.1920583
       1.1746226
       1.1552572
       1.1344991
       1.1128726
       1.0906462
       1.0674813
       1.0415966
       1.0114023
      0.97762496
      0.94230367
      0.90835229
      0.87734961
      0.84941900
      0.82369165
      0.79891188
      0.77446703
      0.75039613
      0.72717521
      0.70503280
      0.68346776
      0.66219766
      0.64126946
      0.62095741
      0.60162875
      0.58344106
      0.56644642
      0.55062355
      0.53595401
      0.52247871
      0.51031920
      0.49961075
      0.49040695
      0.48268287
      0.47630436
      0.47101408
      0.46643688
      0.46216842
      0.45802649
      0.45401061
      0.45021352
      0.44672800
      0.44364260
      0.44081516
      0.43783776
      0.43444761
      0.43085469
      0.42751749
      0.42474130
      0.42253555
      0.42050530
      0.41836612
      0.41625638
      0.41436233
      0.41275690
      0.41150930
      0.41066095
      0.41026460
      0.41017295
      0.41019960
      0.41014458
      0.40989004
      0.40937011
      0.40863481
      0.40769106
      0.40651840
      0.40497746
      0.40308247
      0.40110024
      0.39943169
      0.39839016
      0.39803709
      0.39828259
      0.39898112
      0.40004223
      0.40141941
      0.40312792
      0.40520849
      0.40772051
      0.41069488
      0.41410806
      0.41797681
      0.42228826
      0.42737198
      0.43346323
      0.43994471
      0.44624193
      0.45258089
      0.45944474
      0.46701437
      0.47516370
      0.48347916
      0.49168076
      0.49991580
      0.50864735
      0.51842681
      0.52959681
      0.54190324
      0.55447761
      0.56667520
      0.57863989
      0.59063374
      0.60180954
      0.61056210
      0.61721056
      0.62339720
      0.63105632
      0.64047242
      0.65110942
      0.66255216
      0.67458585
      0.68701594
      0.69960581
      0.71215522
      0.72450764
      0.73653889
      0.74815504
      0.75930749
      0.77001659
      0.78049780
      0.79100448
      0.80168750
      0.81236135
      0.82269189
      0.83267739
      0.84235190
      0.85030626
      0.85393787
      0.85194561
      0.84389764
      0.83273113
      0.82272960
      0.81521154
      0.80926071
      0.80375134
      0.79808545
      0.79190876
      0.78511052
      0.77800889
      0.77134675
      0.76526188
      0.75784290
      0.74623626
      0.73050361
      0.71356862
      0.69773478
      0.68369102
      0.67098209
      0.65892874
      0.64769447
      0.63744474
      0.62692480
      0.61525065
      0.60317575
      0.59178284
      0.58135116
      0.57138769
      0.56141056
      0.55138370
      0.54171191
      0.53271206
      0.52449949
      0.51705612
      0.51029662
      0.50396615
      0.49772361
      0.49136379
      0.48486582
      0.47846366
      0.47244127
      0.46696090
      0.46217660
      0.45843962
      0.45601580
      0.45413385
      0.45074861
      0.44419373
      0.43484939
      0.42531645
      0.41796936
      0.41330980
      0.41041976
      0.40820435
      0.40601345
      0.40366156
      0.40127039
      0.39916130
      0.39760945
      0.39653819
      0.39550265
      0.39430325
      0.39284901
      0.39136685
      0.39007070
      0.38921624
      0.38929594
      0.39003982
      0.39001438
      0.38792039
      0.38439394
      0.38056830
      0.37713030
      0.37472490
      0.37359819
      0.37213052
      0.36819472
      0.36145680
      0.35445043
      0.34925150
      0.34608637
      0.34419571
      0.34289333
      0.34192326
      0.34136427
      0.34123335
      0.34100679
      0.33985652
      0.33803437
      0.33650850
      0.33515040
      0.33279828
      0.32902570
      0.32420800
      0.31930368
      0.31505824
      0.31182893
      0.30969490
      0.30861796
      0.30849135
      0.30911408
      0.31019053
      0.31137102
      0.31250959
      0.31369934
      0.31505997
      0.31676860
      0.31903469
      0.32181084
      0.32500154
      0.32869435
      0.33272172
      0.33701376
      0.34173051
      0.34632883
      0.35023155
      0.35341483
      0.35669901
      0.36101892
      0.36626009
      0.37162398
      0.37667036
      0.38111208
      0.38567484
      0.39086080
      0.39645804
      0.40220056
      0.40817051
      0.41446859
      0.42097761
      0.42754352
      0.43428986
      0.44148228
      0.44922712
      0.45741357
      0.46593210
      0.47475723
      0.48385372
      0.49301397
      0.50198052
      0.51073656
      0.51949011
      0.52855098
      0.53809373
      0.54798561
      0.55776253
      0.56707774
      0.57587839
      0.58417646
      0.59191295
      0.59906220
      0.60571748
      0.61215193
      0.61861132
      0.62518146
      0.63179562
      0.63835662
      0.64486507
      0.65151581
      0.65856693
      0.66600464
      0.67320326
      0.67929792
      0.68400703
      0.68767148
      0.69112182
      0.69489483
      0.69906537
      0.70358864
      0.70852002
      0.71399796
      0.72009040
      0.72641197
      0.73200377
      0.73574799
      0.73705097
      0.73662948
      0.73552933
      0.73428013
      0.73258219
      0.72945689
      0.72388646
      0.71602531
      0.70737657
      0.69972824
      0.69398180
      0.69003906
      0.68728066
      0.68510479
      0.68313860
      0.68130224
      0.67964221
      0.67808902
      0.67643378
      0.67448468
      0.67223207
      0.66988742
      0.66778515
      0.66612143
      0.66473779
      0.66299492
      0.65999492
      0.65512470
      0.64889390
      0.64250202
      0.63690376
      0.63237633
      0.62874889
      0.62587579
      0.62382360
      0.62258101
      0.62155389
      0.61972435
      0.61629711
      0.61138852
      0.60569097
      0.59983231
      0.59406527
      0.58846843
      0.58317118
      0.57819307
      0.57303543
      0.56691035
      0.55957352
      0.55191498
      0.54516401
      0.53971934
      0.53526732
      0.53127850
      0.52734405
      0.52326946
      0.51908255
      0.51495179
      0.51099463
      0.50719199
      0.50346784
      0.49979789
      0.49624364
      0.49291501
      0.48989883
      0.48721818
      0.48483767
      0.48262680
      0.48035936
      0.47779568
      0.47471523
      0.47098426
      0.46676276
      0.46223370
      0.45704179
      0.45031083
      0.44174816
      0.43242997
      0.42379888
      0.41647133
      0.41030188
      0.40492236
      0.40004679
      0.39548779
      0.39115266
      0.38707320
      0.38327416
      0.37955096
      0.37547082
      0.37068814
      0.36529598
      0.35970893
      0.35429392
      0.34915987
      0.34429112
      0.33972406
      0.33552667
      0.33174677
      0.32833011
      0.32504210
      0.32144146
      0.31718409
      0.31232867
      0.30722957
      0.30225628
      0.29761217
      0.29326208
      0.28901375
      0.28478209
      0.28066163
      0.27679301
      0.27322228
      0.26990019
      0.26676417
      0.26378941
      0.26098086
      0.25833354
      0.25579926
      0.25328062
      0.25066775
      0.24792065
      0.24510841
      0.24230016
      0.23946754
      0.23659022
      0.23370424
      0.23077049
      0.22777908
      0.22486018
      0.22214922
      0.21927183
      0.21572735
      0.21158862
      0.20737774
      0.20357498
      0.20032627
      0.19745337
      0.19466833
      0.19172561
      0.18855791
      0.18529055
      0.18207636
      0.17893286
      0.17574762
      0.17247977
      0.16921744
      0.16607661
      0.16313270
      0.16042339
      0.15796667
      0.15575255
      0.15371126
      0.15172807
      0.14970535
      0.14761154
      0.14545419
      0.14319676
      0.14074370
      0.13804424
      0.13521553
      0.13248912
      0.13002266
      0.12782422
      0.12580968
      0.12388620
      0.12201526
      0.12022202
      0.11852973
      0.11690009
      0.11526503
      0.11357166
      0.11181675
      0.11009325
      0.10846339
      0.10681198
      0.10500899
      0.10305942
      0.10106853
     0.099148722
     0.097360694
     0.095711957
     0.094199493
     0.092830724
     0.091598024
     0.090450670
     0.089313831
     0.088138698
     0.086923776
     0.085674003
     0.084360946
     0.082941726
     0.081419370
     0.079866176
     0.078378237
     0.077004279
     0.075736836
     0.074550830
     0.073427737
     0.072375220
     0.071411699
     0.070528301
     0.069692734
     0.068883988
     0.068100272
     0.067343419
     0.066606141
     0.065868033
     0.065106278
     0.064310360
     0.063485870
     0.062645197
     0.061799783
     0.060956696
     0.060120462
     0.059294842
     0.058481990
     0.057681743
     0.056892744
     0.056113967
     0.055345013
     0.054585546
     0.053834979
     0.053092571
     0.052357473
     0.051628378
     0.050902589
