       12.755623
       12.719378
       12.683177
       12.647059
       12.611033
       12.575099
       12.539258
       12.503508
       12.467851
       12.432286
       12.396812
       12.361430
       12.326139
       12.290938
       12.255828
       12.220808
       12.185879
       12.151039
       12.116288
       12.081627
       12.047056
       12.012572
       11.978178
       11.943873
       11.909656
       11.875529
       11.841494
       11.807554
       11.773715
       11.739985
       11.706376
       11.672902
       11.639581
       11.606426
       11.573437
       11.540598
       11.507861
       11.475143
       11.442328
       11.409284
       11.375882
       11.342021
       11.307653
       11.272788
       11.237491
       11.201852
       11.165947
       11.129750
       11.093020
       11.055211
       11.015485
       10.973158
       10.928563
       10.883779
       10.842190
       10.807020
       10.780114
       10.761738
       10.751262
       10.747688
       10.749954
       10.757096
       10.768250
       10.782685
       10.799777
       10.819010
       10.839951
       10.862235
       10.885551
       10.909637
       10.934273
       10.959269
       10.984447
       11.009643
       11.034701
       11.059488
       11.083902
       11.107876
       11.131383
       11.154425
       11.177016
       11.199171
       11.220901
       11.242220
       11.263142
       11.283699
       11.303919
       11.323834
       11.343470
       11.362861
       11.382051
       11.401098
       11.420070
       11.439022
       11.457972
       11.476875
       11.495629
       11.514074
       11.531998
       11.549169
       11.565382
       11.580473
       11.594304
       11.606746
       11.617736
       11.627394
       11.635749
       11.642801
       11.648588
       11.653139
       11.656509
       11.658760
       11.660067
       11.660799
       11.661474
       11.662426
       11.663472
       11.663985
       11.663841
       11.663676
       11.663495
       11.663161
       11.662645
       11.661929
       11.660983
       11.659832
       11.658599
       11.657530
       11.656923
       11.656934
       11.657415
       11.657977
       11.658246
       11.658044
       11.657449
       11.656620
       11.655621
       11.654436
       11.653026
       11.651366
       11.649443
       11.647263
       11.644828
       11.642137
       11.639189
       11.635953
       11.632405
       11.628519
       11.624270
       11.619634
       11.614583
       11.609086
       11.603108
       11.596604
       11.589516
       11.581783
       11.573370
       11.564253
       11.554405
       11.543808
       11.532433
       11.520253
       11.507250
       11.493427
       11.478807
       11.463421
       11.447309
       11.430516
       11.413092
       11.395089
       11.376557
       11.357540
       11.338076
       11.318197
       11.297925
       11.277282
       11.256281
       11.234925
       11.213201
       11.191117
       11.168671
       11.145877
       11.122750
       11.099312
       11.075591
       11.051617
       11.027421
       11.003028
       10.978456
       10.953720
       10.928824
       10.903761
       10.878515
       10.853058
       10.827353
       10.801357
       10.775024
       10.748307
       10.721151
       10.693494
       10.665285
       10.636486
       10.607045
       10.576907
       10.546032
       10.514396
       10.481982
       10.448789
       10.414826
       10.380116
       10.344706
       10.308648
       10.272005
       10.234839
       10.197211
       10.159171
       10.120759
       10.082028
       10.042993
       10.003682
       9.9641017
       9.9242675
       9.8841729
       9.8438184
       9.8031918
       9.7622964
       9.7211460
       9.6797689
       9.6382166
       9.5965487
       9.5548025
       9.5130112
       9.4711890
       9.4292927
       9.3872814
       9.3451356
       9.3027367
       9.2600130
       9.2170088
       9.1738220
       9.1305624
       9.0872946
       9.0440602
       9.0009290
       8.9579821
       8.9152889
       8.8729230
       8.8309875
       8.7895910
       8.7487925
       8.7085752
       8.6688822
       8.6296702
       8.5909351
       8.5526855
       8.5148601
       8.4772629
       8.4395487
       8.4012935
       8.3621250
       8.3218458
       8.2804616
       8.2381203
       8.1950182
       8.1513396
       8.1072235
       8.0627560
       8.0179793
       7.9729079
       7.9275587
       7.8819781
       7.8362741
       7.7906260
       7.7452800
       7.7005141
       7.6565952
       7.6137386
       7.5720729
       7.5316326
       7.4923426
       7.4540623
       7.4166440
       7.3799536
       7.3439595
       7.3088143
       7.2746265
       7.2414152
       7.2090526
       7.1773222
       7.1459576
       7.1146823
       7.0832742
       7.0515922
       7.0195386
       6.9870274
       6.9539578
       6.9201868
       6.8854906
       6.8495716
       6.8120612
       6.7728037
       6.7321545
       6.6909920
       6.6502282
       6.6103650
       6.5715530
       6.5336211
       6.4961185
       6.4582704
       6.4190831
       6.3777630
       6.3341495
       6.2891069
       6.2440969
       6.1998115
       6.1567473
       6.1151191
       6.0747084
       6.0350505
       5.9958496
       5.9568315
       5.9178410
       5.8787822
       5.8396006
       5.8002396
       5.7606432
       5.7207232
       5.6803895
       5.6395791
       5.5981841
       5.5561502
       5.5133930
       5.4698845
       5.4256036
       5.3805238
       5.3346649
       5.2881135
       5.2411342
       5.1943657
       5.1489133
       5.1057948
       5.0644953
       5.0223295
       4.9760277
       4.9228317
       4.8624525
       4.7970126
       4.7292047
       4.6608601
       4.5925568
       4.5240816
       4.4548218
       4.3841885
       4.3120620
       4.2385070
       4.1635587
       4.0873159
       4.0098308
       3.9310864
       3.8511263
       3.7700266
       3.6879433
       3.6049285
       3.5209634
       3.4359385
       3.3496770
       3.2621020
       3.1733065
       3.0833262
       2.9917969
       2.8980149
       2.8015543
       2.7029509
       2.6036969
       2.5053281
       2.4088866
       2.3149792
       2.2238800
       2.1354405
       2.0491017
       1.9644757
       1.8815365
       1.8010219
       1.7239327
       1.6508687
       1.5819343
       1.5170216
       1.4559056
       1.3984430
       1.3445160
       1.2940585
       1.2470325
       1.2033846
       1.1630192
       1.1257989
       1.0915652
       1.0601171
       1.0312817
       1.0049008
      0.98085010
      0.95903350
      0.93935909
      0.92180092
      0.90634521
      0.89296302
      0.88172602
      0.87283127
      0.86632980
      0.86193433
      0.85879301
      0.85586742
      0.85263139
      0.84969235
      0.84744453
      0.84504248
      0.84191040
      0.83839891
      0.83518726
      0.83276870
      0.83107689
      0.82985310
      0.82891161
      0.82819546
      0.82771703
      0.82746905
      0.82740010
      0.82727938
      0.82683754
      0.82593567
      0.82452895
      0.82263849
      0.82034768
      0.81779573
      0.81506067
      0.81214154
      0.80902967
      0.80579486
      0.80252545
      0.79941799
      0.79675251
      0.79486069
      0.79407888
      0.79473251
      0.79713421
      0.80150340
      0.80797156
      0.81659870
      0.82736175
      0.84018721
      0.85492777
      0.87141859
      0.88945919
      0.90884129
      0.92935132
      0.95079324
      0.97300925
      0.99583527
       1.0191757
       1.0429322
       1.0669966
       1.0912280
       1.1154135
       1.1392528
       1.1624278
       1.1847258
       1.2060658
       1.2264316
       1.2458254
       1.2641879
       1.2813728
       1.2971643
       1.3113579
       1.3238458
       1.3345879
       1.3435214
       1.3505630
       1.3556544
       1.3587768
       1.3599911
       1.3593852
       1.3568645
       1.3523780
       1.3460341
       1.3383231
       1.3298657
       1.3204976
       1.3088217
       1.2938862
       1.2764318
       1.2580955
       1.2395765
       1.2205988
       1.2009553
       1.1807155
       1.1599589
       1.1386433
       1.1166681
       1.0940772
       1.0710736
       1.0479506
       1.0250633
       1.0025307
      0.98020506
      0.95772145
      0.93531285
      0.91393231
      0.89386343
      0.87398146
      0.85183612
      0.82595658
      0.79707449
      0.76756516
      0.73929210
      0.71289629
      0.68845774
      0.66590358
      0.64511585
      0.62594811
      0.60828807
      0.59204835
      0.57716762
      0.56362000
      0.55144070
      0.54060517
      0.53097105
      0.52230560
      0.51457942
      0.50796542
      0.50213857
      0.49626529
      0.48965506
      0.48284282
      0.47647015
      0.47090580
      0.46606284
      0.46168450
      0.45758488
      0.45368730
      0.44993026
      0.44633595
      0.44296676
      0.43977326
      0.43681207
      0.43424753
      0.43224462
      0.43084817
      0.42973944
      0.42855521
      0.42673066
      0.42454643
      0.42272947
      0.42159635
      0.42097069
      0.42053966
      0.42014926
      0.41983953
      0.41969889
      0.41983562
      0.42031779
      0.42115914
      0.42229526
      0.42358955
      0.42491685
      0.42617567
      0.42700248
      0.42732355
      0.42698253
      0.42636859
      0.42648847
      0.42771300
      0.42955205
      0.43123245
      0.43250335
      0.43376255
      0.43574356
      0.43901151
      0.44375096
      0.44978574
      0.45667261
      0.46373031
      0.47043153
      0.47671644
      0.48321781
      0.49068091
      0.49948765
      0.50953797
      0.52051914
      0.53222984
      0.54447636
      0.55713554
      0.57026624
      0.58396153
      0.59780163
      0.61096391
      0.62301142
      0.63430333
      0.64551367
      0.65693239
      0.66814621
      0.67854063
      0.68813393
      0.69742479
      0.70667015
      0.71578543
      0.72481276
      0.73395055
      0.74350734
      0.75340205
      0.76330920
      0.77290480
      0.78185415
      0.78993589
      0.79706442
      0.80311253
      0.80807025
      0.81221515
      0.81578413
      0.81891452
      0.82194290
      0.82529289
      0.82887898
      0.83208510
      0.83481025
      0.83766693
      0.84088149
      0.84307853
      0.84262046
      0.83915651
      0.83397553
      0.82859798
      0.82389874
      0.81972972
      0.81516696
      0.80919813
      0.80062970
      0.78953932
      0.77704647
      0.76401914
      0.75086190
      0.73778062
      0.72467331
      0.71104950
      0.69597271
      0.67935633
      0.66292579
      0.64806447
      0.63510982
      0.62359145
      0.61287808
      0.60258148
      0.59253678
      0.58271660
      0.57312385
      0.56374895
      0.55454564
      0.54543985
      0.53639440
      0.52750038
      0.51896786
      0.51104406
      0.50389177
      0.49755450
      0.49195456
      0.48694633
      0.48238073
      0.47806073
      0.47360916
      0.46868034
      0.46319302
      0.45767401
      0.45304598
      0.44989917
      0.44783480
      0.44595774
      0.44353905
      0.44150696
      0.44205441
      0.44345189
      0.43941520
      0.42765291
      0.41218607
      0.39780755
      0.38692718
      0.37946908
      0.37427562
      0.37049553
      0.36767215
      0.36545236
      0.36361712
      0.36211134
      0.36097017
      0.36022371
      0.35985558
      0.35982072
      0.36007460
      0.36060080
      0.36139357
      0.36245873
      0.36381653
      0.36545125
      0.36735539
      0.36947328
      0.37155698
      0.37354058
      0.37542972
      0.37701974
      0.37787733
      0.37779538
      0.37697709
      0.37549146
      0.37296282
      0.36897721
      0.36386697
      0.35897641
      0.35514720
      0.35228324
      0.35003181
      0.34822957
      0.34686883
      0.34601115
      0.34559640
      0.34545969
      0.34561959
      0.34629482
      0.34742291
      0.34862794
      0.34993919
      0.35186083
      0.35418914
      0.35562539
      0.35513365
      0.35304761
      0.35051026
      0.34898234
      0.34934194
      0.35096205
      0.35214761
      0.35159532
      0.34939605
      0.34719324
      0.34645972
      0.34774085
      0.35072464
      0.35491589
      0.35951095
      0.36364016
      0.36744369
      0.37179311
      0.37737220
      0.38426536
      0.39231384
      0.40125727
      0.41070559
      0.42026951
      0.42977229
      0.43920206
      0.44867960
      0.45830692
      0.46814358
      0.47826735
      0.48876234
      0.49968635
      0.51105384
      0.52281956
      0.53480196
      0.54670488
      0.55827779
      0.56944381
      0.58024405
      0.59070728
      0.60081333
      0.61025279
      0.61865844
      0.62598561
      0.63213566
      0.63748928
      0.64239237
      0.64685890
      0.65071585
      0.65380688
      0.65611673
      0.65802347
      0.66016635
      0.66284448
      0.66553984
      0.66780086
      0.66992786
      0.67250151
      0.67582730
      0.67978737
      0.68399813
      0.68805407
      0.69171587
      0.69498511
      0.69795419
      0.70066144
      0.70310123
      0.70521212
      0.70693492
      0.70830779
      0.70946266
      0.71051517
      0.71146168
      0.71214346
      0.71232373
      0.71192163
      0.71110205
      0.71028702
      0.70985845
      0.70990533
      0.71030717
      0.71087407
      0.71142436
      0.71185345
      0.71221681
      0.71260761
      0.71279000
      0.71218978
      0.71022732
      0.70685121
      0.70230950
      0.69689864
      0.69094722
      0.68488281
      0.67919752
      0.67440009
      0.67059451
      0.66692888
      0.66174630
      0.65405093
      0.64452845
      0.63499140
      0.62678233
      0.62012635
      0.61462214
      0.60985366
      0.60550650
      0.60135476
      0.59723976
      0.59309229
      0.58891929
      0.58479976
      0.58093522
      0.57745068
      0.57413539
      0.57044755
      0.56586003
      0.56022202
      0.55389625
      0.54756945
      0.54187717
      0.53718907
      0.53352094
      0.53031395
      0.52647104
      0.52121234
      0.51482532
      0.50831914
      0.50247889
      0.49742381
      0.49276491
      0.48800012
      0.48273435
      0.47677886
      0.47023342
      0.46353084
      0.45731040
      0.45197964
      0.44753953
      0.44370029
      0.44009272
      0.43642692
      0.43257076
      0.42855546
      0.42450253
      0.42052581
      0.41669983
      0.41303965
      0.40951506
      0.40614465
      0.40304574
      0.40034141
      0.39795157
      0.39550490
      0.39254492
      0.38884501
      0.38450900
      0.37981411
      0.37522737
      0.37104247
      0.36644670
      0.36003037
      0.35175540
      0.34339182
      0.33621314
      0.33040112
      0.32549463
      0.32104894
      0.31687403
      0.31296911
      0.30935335
      0.30590567
      0.30234735
      0.29842332
      0.29412520
      0.28972150
      0.28553192
      0.28170812
      0.27822805
      0.27502496
      0.27201996
      0.26903288
      0.26579242
      0.26210328
      0.25801699
      0.25381411
      0.24972659
      0.24570306
      0.24153437
      0.23718671
      0.23290907
      0.22897744
      0.22546513
      0.22227842
      0.21929565
      0.21644493
      0.21370028
      0.21105169
      0.20848556
      0.20597993
      0.20351577
      0.20109656
      0.19875538
      0.19650785
      0.19432437
      0.19218864
      0.19007661
      0.18784118
      0.18541599
      0.18307047
      0.18086919
      0.17835148
      0.17528802
      0.17193944
      0.16867587
      0.16565887
      0.16281551
      0.16005882
      0.15744614
      0.15508536
      0.15299046
      0.15104260
      0.14904413
      0.14678990
      0.14414290
      0.14116420
      0.13808646
      0.13515896
      0.13251201
      0.13015576
      0.12803344
      0.12606303
      0.12416715
      0.12228958
      0.12041118
      0.11853381
      0.11665216
      0.11472350
      0.11269012
      0.11055110
      0.10839811
      0.10635121
      0.10448255
      0.10278058
      0.10117009
     0.099572423
     0.097958025
     0.096350408
     0.094794020
     0.093316732
     0.091939549
     0.090690015
     0.089450528
     0.088081098
     0.086576881
     0.085026538
     0.083537929
     0.082177093
     0.080957024
     0.079860573
     0.078865496
     0.077964880
     0.077159239
     0.076415316
     0.075663603
     0.074845652
     0.073938616
     0.072986767
     0.072044869
     0.071115335
     0.070161627
     0.069162877
     0.068140639
     0.067131540
     0.066149176
     0.065183806
     0.064232824
     0.063317843
     0.062455620
     0.061637136
     0.060838309
     0.060042579
     0.059246218
     0.058452070
     0.057663368
     0.056881779
     0.056107952
     0.055342151
     0.054584420
     0.053834620
     0.053092465
     0.052357422
     0.051628334
     0.050902547
