       12.755700
       12.719394
       12.683180
       12.647061
       12.611034
       12.575100
       12.539259
       12.503510
       12.467853
       12.432288
       12.396814
       12.361432
       12.326141
       12.290941
       12.255831
       12.220812
       12.185883
       12.151043
       12.116294
       12.081634
       12.047062
       12.012580
       11.978187
       11.943882
       11.909665
       11.875536
       11.841495
       11.807542
       11.773675
       11.739896
       11.706204
       11.672598
       11.639079
       11.605645
       11.572298
       11.539036
       11.505860
       11.472769
       11.439762
       11.406841
       11.374004
       11.341252
       11.308583
       11.275999
       11.243498
       11.211080
       11.178746
       11.146494
       11.114326
       11.082240
       11.050236
       11.018314
       10.986474
       10.954716
       10.923039
       10.891444
       10.859929
       10.828495
       10.797142
       10.765869
       10.734676
       10.703564
       10.672531
       10.641577
       10.610703
       10.579908
       10.549191
       10.518554
       10.487995
       10.457514
       10.427111
       10.396786
       10.366538
       10.336368
       10.306275
       10.276260
       10.246321
       10.216458
       10.186672
       10.156962
       10.127328
       10.097770
       10.068288
       10.038881
       10.009549
       9.9802920
       9.9511098
       9.9220023
       9.8929691
       9.8640101
       9.8351252
       9.8063140
       9.7775764
       9.7489122
       9.7203213
       9.6918033
       9.6633582
       9.6349857
       9.6066856
       9.5784578
       9.5503021
       9.5222182
       9.4942060
       9.4662652
       9.4383958
       9.4105975
       9.3828700
       9.3552134
       9.3276272
       9.3001114
       9.2726658
       9.2452901
       9.2179843
       9.1907480
       9.1635812
       9.1364836
       9.1094551
       9.0824955
       9.0556045
       9.0287821
       9.0020280
       8.9753421
       8.9487241
       8.9221739
       8.8956913
       8.8692762
       8.8429283
       8.8166475
       8.7904336
       8.7642864
       8.7382057
       8.7121915
       8.6862434
       8.6603613
       8.6345451
       8.6087946
       8.5831096
       8.5574899
       8.5319353
       8.5064457
       8.4810210
       8.4556608
       8.4303652
       8.4051338
       8.3799666
       8.3548633
       8.3298238
       8.3048480
       8.2799356
       8.2550865
       8.2303005
       8.2055774
       8.1809172
       8.1563196
       8.1317844
       8.1073115
       8.0829008
       8.0585520
       8.0342651
       8.0100398
       7.9858759
       7.9617734
       7.9377320
       7.9137517
       7.8898322
       7.8659733
       7.8421750
       7.8184370
       7.7947592
       7.7711415
       7.7475836
       7.7240855
       7.7006469
       7.6772678
       7.6539479
       7.6306871
       7.6074853
       7.5843423
       7.5612579
       7.5382320
       7.5152644
       7.4923550
       7.4695036
       7.4467101
       7.4239744
       7.4012962
       7.3786754
       7.3561119
       7.3336055
       7.3111561
       7.2887635
       7.2664276
       7.2441483
       7.2219253
       7.1997585
       7.1776478
       7.1555931
       7.1335942
       7.1116509
       7.0897631
       7.0679307
       7.0461535
       7.0244313
       7.0027641
       6.9811517
       6.9595939
       6.9380907
       6.9166417
       6.8952470
       6.8739064
       6.8526197
       6.8313868
       6.8102076
       6.7890819
       6.7680096
       6.7469905
       6.7260245
       6.7051114
       6.6842512
       6.6634437
       6.6426887
       6.6219862
       6.6013359
       6.5807378
       6.5601917
       6.5396974
       6.5192549
       6.4988641
       6.4785247
       6.4582366
       6.4379997
       6.4178140
       6.3976791
       6.3775951
       6.3575618
       6.3375790
       6.3176466
       6.2977646
       6.2779327
       6.2581508
       6.2384188
       6.2187367
       6.1991041
       6.1795211
       6.1599875
       6.1405031
       6.1210679
       6.1016817
       6.0823444
       6.0630559
       6.0438160
       6.0246246
       6.0054816
       5.9863868
       5.9673402
       5.9483417
       5.9293910
       5.9104881
       5.8916329
       5.8728251
       5.8540648
       5.8353518
       5.8166860
       5.7980672
       5.7794953
       5.7609702
       5.7424919
       5.7240601
       5.7056747
       5.6873357
       5.6690429
       5.6507962
       5.6325955
       5.6144406
       5.5963316
       5.5782681
       5.5602501
       5.5422776
       5.5243503
       5.5064683
       5.4886312
       5.4708392
       5.4530919
       5.4353894
       5.4177315
       5.4001181
       5.3825490
       5.3650243
       5.3475436
       5.3301071
       5.3127145
       5.2953657
       5.2780606
       5.2607991
       5.2435811
       5.2264065
       5.2092752
       5.1921871
       5.1751420
       5.1581399
       5.1411807
       5.1242641
       5.1073902
       5.0905589
       5.0737700
       5.0570233
       5.0403189
       5.0236566
       5.0070363
       4.9904579
       4.9739213
       4.9574264
       4.9409731
       4.9245613
       4.9081908
       4.8918616
       4.8755736
       4.8593267
       4.8431207
       4.8269556
       4.8108313
       4.7947477
       4.7787046
       4.7627020
       4.7467398
       4.7308179
       4.7149361
       4.6990944
       4.6832927
       4.6675308
       4.6518087
       4.6361264
       4.6204836
       4.6048803
       4.5893164
       4.5737918
       4.5583064
       4.5428601
       4.5274528
       4.5120844
       4.4967549
       4.4814640
       4.4662119
       4.4509982
       4.4358230
       4.4206862
       4.4055876
       4.3905272
       4.3755049
       4.3605206
       4.3455741
       4.3306655
       4.3157945
       4.3009612
       4.2861655
       4.2714071
       4.2566861
       4.2420024
       4.2273559
       4.2127464
       4.1981740
       4.1836384
       4.1691397
       4.1546777
       4.1402523
       4.1258635
       4.1115112
       4.0971953
       4.0829157
       4.0686722
       4.0544649
       4.0402937
       4.0261584
       4.0120590
       3.9979954
       3.9839674
       3.9699751
       3.9560184
       3.9420970
       3.9282111
       3.9143605
       3.9005450
       3.8867647
       3.8730194
       3.8593091
       3.8456337
       3.8319930
       3.8183871
       3.8048158
       3.7912791
       3.7777768
       3.7643090
       3.7508754
       3.7374761
       3.7241110
       3.7107800
       3.6974829
       3.6842198
       3.6709905
       3.6577950
       3.6446332
       3.6315050
       3.6184103
       3.6053492
       3.5923214
       3.5793269
       3.5663656
       3.5534375
       3.5405425
       3.5276805
       3.5148515
       3.5020553
       3.4892919
       3.4765612
       3.4638631
       3.4511976
       3.4385647
       3.4259641
       3.4133959
       3.4008600
       3.3883562
       3.3758847
       3.3634451
       3.3510376
       3.3386620
       3.3263182
       3.3140063
       3.3017260
       3.2894774
       3.2772604
       3.2650748
       3.2529207
       3.2407980
       3.2287065
       3.2166463
       3.2046172
       3.1926193
       3.1806523
       3.1687164
       3.1568113
       3.1449370
       3.1330935
       3.1212807
       3.1094985
       3.0977469
       3.0860257
       3.0743350
       3.0626747
       3.0510447
       3.0394449
       3.0278752
       3.0163357
       3.0048262
       2.9933467
       2.9818972
       2.9704774
       2.9590875
       2.9477273
       2.9363967
       2.9250958
       2.9138244
       2.9025825
       2.8913700
       2.8801868
       2.8690330
       2.8579084
       2.8468129
       2.8357466
       2.8247093
       2.8137011
       2.8027217
       2.7917713
       2.7808497
       2.7699568
       2.7590926
       2.7482571
       2.7374501
       2.7266717
       2.7159217
       2.7052002
       2.6945070
       2.6838421
       2.6732055
       2.6625970
       2.6520166
       2.6414644
       2.6309401
       2.6204438
       2.6099754
       2.5995349
       2.5891221
       2.5787371
       2.5683798
       2.5580501
       2.5477480
       2.5374734
       2.5272263
       2.5170066
       2.5068142
       2.4966492
       2.4865114
       2.4764008
       2.4663174
       2.4562611
       2.4462318
       2.4362295
       2.4262542
       2.4163057
       2.4063841
       2.3964893
       2.3866212
       2.3767798
       2.3669651
       2.3571769
       2.3474153
       2.3376802
       2.3279715
       2.3182892
       2.3086332
       2.2990036
       2.2894001
       2.2798229
       2.2702718
       2.2607469
       2.2512479
       2.2417750
       2.2323281
       2.2229070
       2.2135118
       2.2041424
       2.1947988
       2.1854810
       2.1761888
       2.1669222
       2.1576812
       2.1484657
       2.1392758
       2.1301113
       2.1209721
       2.1118584
       2.1027700
       2.0937068
       2.0846688
       2.0756561
       2.0666684
       2.0577059
       2.0487684
       2.0398559
       2.0309684
       2.0221058
       2.0132681
       2.0044552
       1.9956671
       1.9869037
       1.9781650
       1.9694511
       1.9607617
       1.9520969
       1.9434567
       1.9348409
       1.9262496
       1.9176827
       1.9091402
       1.9006221
       1.8921282
       1.8836586
       1.8752132
       1.8667919
       1.8583949
       1.8500218
       1.8416729
       1.8333480
       1.8250470
       1.8167700
       1.8085169
       1.8002876
       1.7920822
       1.7839005
       1.7757426
       1.7676084
       1.7594979
       1.7514110
       1.7433477
       1.7353080
       1.7272917
       1.7192990
       1.7113297
       1.7033838
       1.6954613
       1.6875621
       1.6796863
       1.6718336
       1.6640043
       1.6561981
       1.6484150
       1.6406551
       1.6329183
       1.6252045
       1.6175138
       1.6098460
       1.6022012
       1.5945793
       1.5869802
       1.5794040
       1.5718506
       1.5643200
       1.5568121
       1.5493270
       1.5418645
       1.5344246
       1.5270074
       1.5196127
       1.5122406
       1.5048909
       1.4975638
       1.4902591
       1.4829767
       1.4757168
       1.4684792
       1.4612640
       1.4540710
       1.4469002
       1.4397517
       1.4326253
       1.4255211
       1.4184390
       1.4113790
       1.4043411
       1.3973252
       1.3903313
       1.3833593
       1.3764093
       1.3694812
       1.3625750
       1.3556906
       1.3488280
       1.3419872
       1.3351681
       1.3283708
       1.3215951
       1.3148411
       1.3081088
       1.3013980
       1.2947089
       1.2880412
       1.2813951
       1.2747704
       1.2681673
       1.2615855
       1.2550251
       1.2484861
       1.2419685
       1.2354721
       1.2289971
       1.2225432
       1.2161107
       1.2096993
       1.2033090
       1.1969399
       1.1905920
       1.1842651
       1.1779592
       1.1716744
       1.1654106
       1.1591678
       1.1529459
       1.1467449
       1.1405648
       1.1344056
       1.1282672
       1.1221496
       1.1160529
       1.1099768
       1.1039215
       1.0978869
       1.0918729
       1.0858796
       1.0799069
       1.0739548
       1.0680233
       1.0621123
       1.0562219
       1.0503519
       1.0445023
       1.0386732
       1.0328645
       1.0270762
       1.0213083
       1.0155606
       1.0098333
       1.0041263
      0.99843947
      0.99277289
      0.98712651
      0.98150030
      0.97589424
      0.97030829
      0.96474244
      0.95919666
      0.95367093
      0.94816520
      0.94267947
      0.93721371
      0.93176789
      0.92634198
      0.92093596
      0.91554980
      0.91018348
      0.90483698
      0.89951026
      0.89420330
      0.88891608
      0.88364857
      0.87840075
      0.87317258
      0.86796405
      0.86277513
      0.85760580
      0.85245602
      0.84732578
      0.84221505
      0.83712380
      0.83205200
      0.82699964
      0.82196669
      0.81695312
      0.81195891
      0.80698403
      0.80202845
      0.79709216
      0.79217512
      0.78727732
      0.78239872
      0.77753930
      0.77269903
      0.76787790
      0.76307586
      0.75829291
      0.75352901
      0.74878414
      0.74405828
      0.73935139
      0.73466345
      0.72999444
      0.72534433
      0.72071310
      0.71610071
      0.71150716
      0.70693240
      0.70237641
      0.69783917
      0.69332066
      0.68882084
      0.68433969
      0.67987719
      0.67543331
      0.67100802
      0.66660130
      0.66221312
      0.65784346
      0.65349228
      0.64915957
      0.64484530
      0.64054944
      0.63627197
      0.63201285
      0.62777207
      0.62354959
      0.61934540
      0.61515945
      0.61099174
      0.60684222
      0.60271088
      0.59859769
      0.59450261
      0.59042563
      0.58636672
      0.58232585
      0.57830299
      0.57429811
      0.57031120
      0.56634221
      0.56239113
      0.55845793
      0.55454257
      0.55064504
      0.54676530
      0.54290332
      0.53905909
      0.53523257
      0.53142372
      0.52763254
      0.52385898
      0.52010301
      0.51636462
      0.51264377
      0.50894044
      0.50525458
      0.50158619
      0.49793522
      0.49430165
      0.49068545
      0.48708659
      0.48350504
      0.47994078
      0.47639376
      0.47286397
      0.46935138
      0.46585595
      0.46237765
      0.45891646
      0.45547234
      0.45204527
      0.44863521
      0.44524214
      0.44186602
      0.43850682
      0.43516452
      0.43183908
      0.42853047
      0.42523866
      0.42196362
      0.41870531
      0.41546372
      0.41223880
      0.40903052
      0.40583885
      0.40266377
      0.39950523
      0.39636321
      0.39323767
      0.39012859
      0.38703592
      0.38395964
      0.38089972
      0.37785611
      0.37482880
      0.37181773
      0.36882289
      0.36584424
      0.36288175
      0.35993537
      0.35700508
      0.35409085
      0.35119264
      0.34831041
      0.34544413
      0.34259377
      0.33975929
      0.33694065
      0.33413783
      0.33135079
      0.32857949
      0.32582390
      0.32308397
      0.32035969
      0.31765100
      0.31495788
      0.31228028
      0.30961818
      0.30697153
      0.30434030
      0.30172446
      0.29912395
      0.29653876
      0.29396884
      0.29141415
      0.28887466
      0.28635033
      0.28384112
      0.28134700
      0.27886792
      0.27640385
      0.27395474
      0.27152057
      0.26910129
      0.26669686
      0.26430725
      0.26193241
      0.25957231
      0.25722691
      0.25489616
      0.25258003
      0.25027848
      0.24799146
      0.24571895
      0.24346089
      0.24121724
      0.23898798
      0.23677304
      0.23457241
      0.23238602
      0.23021385
      0.22805585
      0.22591197
      0.22378219
      0.22166645
      0.21956471
      0.21747693
      0.21540307
      0.21334309
      0.21129694
      0.20926459
      0.20724598
      0.20524107
      0.20324983
      0.20127220
      0.19930815
      0.19735763
      0.19542060
      0.19349701
      0.19158682
      0.18968998
      0.18780645
      0.18593619
      0.18407915
      0.18223528
      0.18040455
      0.17858690
      0.17678229
      0.17499067
      0.17321200
      0.17144624
      0.16969333
      0.16795324
      0.16622591
      0.16451129
      0.16280935
      0.16112004
      0.15944330
      0.15777910
      0.15612738
      0.15448810
      0.15286121
      0.15124666
      0.14964440
      0.14805440
      0.14647659
      0.14491093
      0.14335738
      0.14181589
      0.14028640
      0.13876887
      0.13726325
      0.13576949
      0.13428754
      0.13281736
      0.13135889
      0.12991208
      0.12847689
      0.12705327
      0.12564117
      0.12424053
      0.12285131
      0.12147346
      0.12010692
      0.11875166
      0.11740761
      0.11607473
      0.11475296
      0.11344226
      0.11214258
      0.11085386
      0.10957606
      0.10830912
      0.10705299
      0.10580762
      0.10457297
      0.10334897
      0.10213558
      0.10093275
     0.099740419
     0.098558545
     0.097387072
     0.096225950
     0.095075126
     0.093934548
     0.092804165
     0.091683924
     0.090573774
     0.089473663
     0.088383538
     0.087303346
     0.086233037
     0.085172557
     0.084121854
     0.083080876
     0.082049570
     0.081027884
     0.080015764
     0.079013159
     0.078020016
     0.077036281
     0.076061903
     0.075096828
     0.074141004
     0.073194378
     0.072256897
     0.071328507
     0.070409157
     0.069498793
     0.068597363
     0.067704813
     0.066821090
     0.065946141
     0.065079914
     0.064222355
     0.063373411
     0.062533030
     0.061701158
     0.060877742
     0.060062730
     0.059256067
     0.058457702
     0.057667582
     0.056885653
     0.056111862
     0.055346156
     0.054588484
     0.053838791
     0.053097025
     0.052363133
     0.051637062
     0.050918760
