       12.755656
       12.719385
       12.683178
       12.647059
       12.611033
       12.575099
       12.539258
       12.503508
       12.467851
       12.432286
       12.396812
       12.361430
       12.326139
       12.290938
       12.255828
       12.220808
       12.185879
       12.151039
       12.116288
       12.081627
       12.047056
       12.012573
       11.978179
       11.943874
       11.909659
       11.875536
       11.841508
       11.807584
       11.773775
       11.740101
       11.706592
       11.673285
       11.640229
       11.607468
       11.575034
       11.542923
       11.511072
       11.479349
       11.447550
       11.415425
       11.382716
       11.349201
       11.314735
       11.279260
       11.242799
       11.205417
       11.167182
       11.128121
       11.088167
       11.047162
       11.004965
       10.961794
       10.918712
       10.877802
       10.841645
       10.812244
       10.790538
       10.776568
       10.769863
       10.769714
       10.775288
       10.785727
       10.800235
       10.818122
       10.838792
       10.861737
       10.886510
       10.912704
       10.939944
       10.967878
       10.996182
       11.024564
       11.052790
       11.080704
       11.108218
       11.135297
       11.161954
       11.188235
       11.214192
       11.239857
       11.265238
       11.290332
       11.315126
       11.339607
       11.363770
       11.387609
       11.411112
       11.434283
       11.457119
       11.479619
       11.501809
       11.523713
       11.545346
       11.566711
       11.587786
       11.608523
       11.628849
       11.648673
       11.667892
       11.686407
       11.704130
       11.720973
       11.736834
       11.751590
       11.765069
       11.777288
       11.788249
       11.797907
       11.806183
       11.812836
       11.817763
       11.821677
       11.825241
       11.828593
       11.831688
       11.834478
       11.837450
       11.841202
       11.845690
       11.850392
       11.854494
       11.857441
       11.859677
       11.861534
       11.862757
       11.863383
       11.863524
       11.863274
       11.862737
       11.862033
       11.861277
       11.860571
       11.859994
       11.859602
       11.859417
       11.859434
       11.859631
       11.859965
       11.860383
       11.860824
       11.861224
       11.861514
       11.861630
       11.861509
       11.861094
       11.860327
       11.859152
       11.857517
       11.855367
       11.852655
       11.849345
       11.845404
       11.840820
       11.835602
       11.829778
       11.823409
       11.816562
       11.809314
       11.801686
       11.793628
       11.784968
       11.775434
       11.764708
       11.752560
       11.738948
       11.724031
       11.708090
       11.691409
       11.674215
       11.656662
       11.638847
       11.620830
       11.602647
       11.584321
       11.565867
       11.547298
       11.528626
       11.509867
       11.491029
       11.472120
       11.453144
       11.434094
       11.414958
       11.395717
       11.376340
       11.356795
       11.337047
       11.317056
       11.296786
       11.276204
       11.255283
       11.234008
       11.212370
       11.190355
       11.167956
       11.145155
       11.121918
       11.098193
       11.073908
       11.048976
       11.023308
       10.996834
       10.969518
       10.941372
       10.912456
       10.882861
       10.852684
       10.822007
       10.790890
       10.759361
       10.727395
       10.694902
       10.661798
       10.628142
       10.594025
       10.559486
       10.524512
       10.489094
       10.453228
       10.416898
       10.380100
       10.342845
       10.305154
       10.267046
       10.228530
       10.189607
       10.150278
       10.110548
       10.070411
       10.029865
       9.9889482
       9.9476448
       9.9058956
       9.8635976
       9.8206143
       9.7768153
       9.7321097
       9.6864586
       9.6400443
       9.5932119
       9.5463765
       9.4999459
       9.4542524
       9.4094699
       9.3655064
       9.3219546
       9.2782044
       9.2336113
       9.1876438
       9.1400340
       9.0908546
       9.0404073
       8.9890445
       8.9370681
       8.8847676
       8.8324430
       8.7803482
       8.7286806
       8.6775620
       8.6271014
       8.5773971
       8.5285499
       8.4806324
       8.4337033
       8.3878200
       8.3430226
       8.2993393
       8.2567960
       8.2154091
       8.1751888
       8.1361347
       8.0982427
       8.0615009
       8.0258835
       7.9913454
       7.9578072
       7.9251438
       7.8931729
       7.8616738
       7.8304183
       7.7992137
       7.7679236
       7.7364735
       7.7048321
       7.6730003
       7.6409874
       7.6088278
       7.5765567
       7.5442274
       7.5118958
       7.4796223
       7.4474609
       7.4154555
       7.3836365
       7.3520161
       7.3206241
       7.2895567
       7.2590546
       7.2294963
       7.2012037
       7.1740222
       7.1471227
       7.1193974
       7.0901403
       7.0593063
       7.0272802
       6.9943930
       6.9606838
       6.9260000
       6.8900976
       6.8526288
       6.8131466
       6.7712830
       6.7270284
       6.6808212
       6.6333295
       6.5849849
       6.5360056
       6.4865179
       6.4366782
       6.3866489
       6.3363035
       6.2852136
       6.2326811
       6.1779717
       6.1211583
       6.0636179
       6.0060572
       5.9491852
       5.8931169
       5.8377220
       5.7827899
       5.7281468
       5.6736771
       5.6192757
       5.5649233
       5.5106023
       5.4563229
       5.4021216
       5.3480096
       5.2939573
       5.2398953
       5.1857240
       5.1313207
       5.0765460
       5.0213389
       4.9658001
       4.9104255
       4.8562797
       4.8045272
       4.7552670
       4.7058679
       4.6520925
       4.5905888
       4.5212087
       4.4464908
       4.3686524
       4.2888154
       4.2074445
       4.1244962
       4.0398090
       3.9533304
       3.8652210
       3.7758570
       3.6858766
       3.5963561
       3.5082204
       3.4215835
       3.3351628
       3.2468896
       3.1556897
       3.0622078
       2.9675840
       2.8725168
       2.7774439
       2.6826336
       2.5882313
       2.4943693
       2.4011599
       2.3088850
       2.2179787
       2.1289802
       2.0424978
       1.9590940
       1.8792525
       1.8033671
       1.7317526
       1.6646836
       1.6023691
       1.5448470
       1.4918877
       1.4429601
       1.3973195
       1.3542218
       1.3130404
       1.2736775
       1.2362784
       1.2010737
       1.1685279
       1.1387480
       1.1115664
       1.0867448
       1.0640528
       1.0431968
       1.0239483
       1.0061313
      0.98966838
      0.97450615
      0.96063559
      0.94811448
      0.93697940
      0.92716010
      0.91853379
      0.91091980
      0.90415304
      0.89808660
      0.89272249
      0.88809212
      0.88422350
      0.88107812
      0.87856702
      0.87662497
      0.87524023
      0.87449690
      0.87446168
      0.87501852
      0.87582241
      0.87649532
      0.87691765
      0.87728580
      0.87789262
      0.87902755
      0.88090133
      0.88357957
      0.88690598
      0.89064105
      0.89467579
      0.89889557
      0.90320846
      0.90751082
      0.91158413
      0.91520614
      0.91840931
      0.92157696
      0.92537537
      0.93041845
      0.93706010
      0.94545239
      0.95574204
      0.96802240
      0.98233547
      0.99862063
       1.0167101
       1.0363514
       1.0572484
       1.0791025
       1.1016022
       1.1244746
       1.1475065
       1.1705996
       1.1937653
       1.2170750
       1.2405396
       1.2640723
       1.2874384
       1.3102056
       1.3318672
       1.3519553
       1.3702641
       1.3869069
       1.4022262
       1.4166290
       1.4302695
       1.4429737
       1.4543176
       1.4638356
       1.4712954
       1.4769019
       1.4810765
       1.4838523
       1.4848772
       1.4833570
       1.4786842
       1.4708769
       1.4599452
       1.4456757
       1.4280211
       1.4074476
       1.3851406
       1.3622134
       1.3390648
       1.3155829
       1.2915466
       1.2668699
       1.2416605
       1.2161543
       1.1905790
       1.1650419
       1.1395283
       1.1139379
       1.0881852
       1.0622767
       1.0363774
       1.0107996
      0.98589417
      0.96186629
      0.93865275
      0.91591739
      0.89327373
      0.87052087
      0.84791773
      0.82603540
      0.80525612
      0.78537133
      0.76561492
      0.74525813
      0.72402991
      0.70245073
      0.68129626
      0.66111245
      0.64222310
      0.62483508
      0.60914696
      0.59529326
      0.58324953
      0.57269363
      0.56325160
      0.55477067
      0.54727146
      0.54083920
      0.53551029
      0.53122003
      0.52787606
      0.52542110
      0.52380068
      0.52271003
      0.52145705
      0.51972770
      0.51773029
      0.51621935
      0.51601953
      0.51743051
      0.52006270
      0.52306623
      0.52522603
      0.52529171
      0.52295153
      0.51855517
      0.51329863
      0.50830371
      0.50399745
      0.50024598
      0.49696494
      0.49428357
      0.49203555
      0.48954458
      0.48639891
      0.48275484
      0.47917321
      0.47564330
      0.47129602
      0.46608690
      0.46133986
      0.45829855
      0.45688806
      0.45663164
      0.45715970
      0.45794649
      0.45805254
      0.45702565
      0.45516814
      0.45352883
      0.45316460
      0.45442429
      0.45713993
      0.46103454
      0.46594368
      0.47174724
      0.47832140
      0.48567940
      0.49420260
      0.50453411
      0.51611050
      0.52697088
      0.53545401
      0.54126082
      0.54641321
      0.55314632
      0.56225187
      0.57325624
      0.58555278
      0.59867569
      0.61249866
      0.62700993
      0.64223444
      0.65815788
      0.67474625
      0.69190165
      0.70944985
      0.72714276
      0.74465046
      0.76171643
      0.77833825
      0.79477474
      0.81120233
      0.82714616
      0.84163758
      0.85409406
      0.86476855
      0.87457590
      0.88438920
      0.89457871
      0.90507231
      0.91514756
      0.92365521
      0.92996660
      0.93409526
      0.93642546
      0.93759002
      0.93803421
      0.93803348
      0.93762008
      0.93679492
      0.93559957
      0.93383977
      0.93095400
      0.92623689
      0.91972387
      0.91194368
      0.90360543
      0.89539706
      0.88703318
      0.87787170
      0.86790657
      0.85760485
      0.84731146
      0.83706084
      0.82690274
      0.81697503
      0.80722381
      0.79729143
      0.78689873
      0.77619491
      0.76584571
      0.75616340
      0.74620427
      0.73465155
      0.72135928
      0.70718361
      0.69318678
      0.67982670
      0.66683946
      0.65379382
      0.64066279
      0.62779590
      0.61562316
      0.60454583
      0.59462622
      0.58512206
      0.57519352
      0.56504669
      0.55483797
      0.54357950
      0.53067224
      0.51735009
      0.50547975
      0.49571096
      0.48761303
      0.48062432
      0.47455594
      0.46936116
      0.46495576
      0.46120583
      0.45797121
      0.45516250
      0.45278203
      0.45079779
      0.44900364
      0.44705087
      0.44472735
      0.44214956
      0.43969158
      0.43770219
      0.43632833
      0.43545710
      0.43490568
      0.43465364
      0.43459067
      0.43466487
      0.43521117
      0.43639187
      0.43718132
      0.43656618
      0.43574535
      0.43682807
      0.43922864
      0.43911774
      0.43368427
      0.42402814
      0.41323970
      0.40365110
      0.39585153
      0.38947980
      0.38424670
      0.38006795
      0.37678765
      0.37409977
      0.37174380
      0.36954310
      0.36755826
      0.36607439
      0.36482358
      0.36355850
      0.36230130
      0.36121500
      0.36045927
      0.36012820
      0.36024832
      0.36074584
      0.36162152
      0.36305423
      0.36510955
      0.36752778
      0.36988163
      0.37177650
      0.37298280
      0.37336407
      0.37259528
      0.37070002
      0.36801942
      0.36548122
      0.36364950
      0.36263372
      0.36243002
      0.36301369
      0.36437579
      0.36658983
      0.36971261
      0.37361921
      0.37813802
      0.38341531
      0.38975308
      0.39678352
      0.40384931
      0.41068482
      0.41759517
      0.42457304
      0.43122256
      0.43768023
      0.44481242
      0.45332676
      0.46217565
      0.46866719
      0.47168330
      0.47225583
      0.47306892
      0.47578698
      0.48037665
      0.48641537
      0.49373805
      0.50230462
      0.51184773
      0.52187992
      0.53179101
      0.54132683
      0.55068759
      0.56015200
      0.56963851
      0.57879655
      0.58738442
      0.59546907
      0.60328947
      0.61109465
      0.61908528
      0.62730440
      0.63565792
      0.64399569
      0.65228806
      0.66056998
      0.66880586
      0.67686396
      0.68465251
      0.69218069
      0.69943785
      0.70636018
      0.71270203
      0.71790068
      0.72176458
      0.72405704
      0.72512504
      0.72578072
      0.72652687
      0.72715723
      0.72726181
      0.72676127
      0.72567702
      0.72343132
      0.71961570
      0.71547177
      0.71234800
      0.71064283
      0.70997942
      0.70982038
      0.70987588
      0.71006863
      0.71040895
      0.71085453
      0.71120977
      0.71121438
      0.71070469
      0.70966660
      0.70818713
      0.70639507
      0.70438952
      0.70225470
      0.70008619
      0.69801535
      0.69617140
      0.69457403
      0.69309520
      0.69154546
      0.68980776
      0.68789301
      0.68589271
      0.68388619
      0.68201447
      0.68057484
      0.67975202
      0.67906088
      0.67749042
      0.67421604
      0.66921760
      0.66272018
      0.65491992
      0.64617813
      0.63728159
      0.62908839
      0.62212215
      0.61624731
      0.61056692
      0.60381854
      0.59550833
      0.58633484
      0.57765742
      0.57032235
      0.56419609
      0.55867464
      0.55331215
      0.54800912
      0.54289460
      0.53809429
      0.53362859
      0.52942526
      0.52528437
      0.52082073
      0.51557151
      0.50937763
      0.50261976
      0.49593546
      0.48975965
      0.48421836
      0.47930300
      0.47506249
      0.47145369
      0.46796866
      0.46369501
      0.45818743
      0.45200797
      0.44605799
      0.44078569
      0.43601538
      0.43126221
      0.42606914
      0.42024725
      0.41399170
      0.40778211
      0.40217275
      0.39740096
      0.39326825
      0.38935191
      0.38532802
      0.38116606
      0.37705644
      0.37318609
      0.36957763
      0.36609052
      0.36255958
      0.35896279
      0.35548384
      0.35239590
      0.34981478
      0.34752382
      0.34508264
      0.34218487
      0.33871943
      0.33461356
      0.32994444
      0.32531368
      0.32104286
      0.31609282
      0.30939273
      0.30170044
      0.29447233
      0.28844473
      0.28354484
      0.27938246
      0.27565553
      0.27219401
      0.26891754
      0.26577729
      0.26268378
      0.25945059
      0.25588322
      0.25198283
      0.24803513
      0.24436145
      0.24106287
      0.23807275
      0.23529897
      0.23265540
      0.23002518
      0.22728797
      0.22435529
      0.22115663
      0.21759068
      0.21362353
      0.20943773
      0.20529805
      0.20143563
      0.19794456
      0.19480313
      0.19193557
      0.18926575
      0.18674743
      0.18435392
      0.18207234
      0.17989634
      0.17781941
      0.17581995
      0.17385317
      0.17185515
      0.16981963
      0.16782576
      0.16581272
      0.16362887
      0.16143409
      0.15945311
      0.15738817
      0.15484648
      0.15191843
      0.14900707
      0.14641200
      0.14416552
      0.14213339
      0.14019376
      0.13831215
      0.13654471
      0.13494843
      0.13349844
      0.13204625
      0.13032109
      0.12807766
      0.12528389
      0.12218666
      0.11918456
      0.11652755
      0.11423959
      0.11222393
      0.11036432
      0.10858015
      0.10685290
      0.10519651
      0.10360887
      0.10203913
      0.10041521
     0.098707132
     0.096954709
     0.095239110
     0.093630975
     0.092148181
     0.090753754
     0.089398970
     0.088052524
     0.086712728
     0.085415288
     0.084200235
     0.083111089
     0.082116683
     0.081111117
     0.080044343
     0.078925354
     0.077782340
     0.076657310
     0.075596836
     0.074624826
     0.073737354
     0.072925573
     0.072186409
     0.071510142
     0.070869943
     0.070214217
     0.069488588
     0.068648312
     0.067689899
     0.066665910
     0.065642193
     0.064647177
     0.063682627
     0.062745869
     0.061836429
     0.060952413
     0.060092655
     0.059257373
     0.058445430
     0.057652474
     0.056872716
     0.056102014
     0.055338690
     0.054582503
     0.053833583
     0.053091922
     0.052357152
     0.051628205
     0.050902479
