       12.755655
       12.719385
       12.683178
       12.647059
       12.611033
       12.575099
       12.539258
       12.503508
       12.467851
       12.432286
       12.396812
       12.361430
       12.326139
       12.290938
       12.255828
       12.220808
       12.185879
       12.151039
       12.116288
       12.081627
       12.047056
       12.012573
       11.978179
       11.943874
       11.909660
       11.875538
       11.841513
       11.807593
       11.773789
       11.740123
       11.706621
       11.673320
       11.640258
       11.607467
       11.574962
       11.542717
       11.510652
       11.478625
       11.446441
       11.413880
       11.380729
       11.346819
       11.312034
       11.276276
       11.239400
       11.201114
       11.160897
       11.117998
       11.071546
       11.020875
       10.966062
       10.908550
       10.851481
       10.799387
       10.756855
       10.726646
       10.708894
       10.701868
       10.703231
       10.710905
       10.723277
       10.739132
       10.757509
       10.777665
       10.798895
       10.820703
       10.842997
       10.865599
       10.888769
       10.912523
       10.936976
       10.962075
       10.987800
       11.014042
       11.040654
       11.067394
       11.094061
       11.120410
       11.146249
       11.171450
       11.195958
       11.219799
       11.243042
       11.265798
       11.288199
       11.310386
       11.332496
       11.354646
       11.376912
       11.399331
       11.421902
       11.444581
       11.467283
       11.489895
       11.512281
       11.534286
       11.555763
       11.576584
       11.596655
       11.615914
       11.634337
       11.651922
       11.668688
       11.684669
       11.699919
       11.714504
       11.728463
       11.741825
       11.754619
       11.766870
       11.778589
       11.789781
       11.800424
       11.810487
       11.819950
       11.828789
       11.836993
       11.844560
       11.851508
       11.857858
       11.863652
       11.868936
       11.873762
       11.878183
       11.882248
       11.885995
       11.889453
       11.892642
       11.895573
       11.898258
       11.900711
       11.902941
       11.904960
       11.906775
       11.908394
       11.909797
       11.910952
       11.911844
       11.912441
       11.912703
       11.912606
       11.912141
       11.911321
       11.910162
       11.908692
       11.907068
       11.905342
       11.903515
       11.901675
       11.899834
       11.897950
       11.896147
       11.894393
       11.892601
       11.890791
       11.888826
       11.886599
       11.883972
       11.880755
       11.876782
       11.871914
       11.866046
       11.859110
       11.851088
       11.842002
       11.831905
       11.820850
       11.808852
       11.795868
       11.781775
       11.766384
       11.749487
       11.730921
       11.710654
       11.688834
       11.665779
       11.641923
       11.617707
       11.593452
       11.569318
       11.545510
       11.522278
       11.499529
       11.477208
       11.455393
       11.434045
       11.413149
       11.392648
       11.372480
       11.352558
       11.332807
       11.313148
       11.293506
       11.273829
       11.254066
       11.234171
       11.214100
       11.193818
       11.173291
       11.152493
       11.131418
       11.110087
       11.088535
       11.066821
       11.045020
       11.023200
       11.001382
       10.979490
       10.957348
       10.934641
       10.911005
       10.886099
       10.859750
       10.832022
       10.803390
       10.774550
       10.746072
       10.718662
       10.692562
       10.666878
       10.640013
       10.610540
       10.578067
       10.543645
       10.508744
       10.474133
       10.439915
       10.405999
       10.372333
       10.338916
       10.305717
       10.272693
       10.239815
       10.207008
       10.174156
       10.141086
       10.107576
       10.073370
       10.038218
       10.001900
       9.9642551
       9.9251800
       9.8846315
       9.8426626
       9.7994275
       9.7551521
       9.7100979
       9.6645188
       9.6186316
       9.5726084
       9.5265685
       9.4806009
       9.4347577
       9.3890584
       9.3434990
       9.2980889
       9.2527997
       9.2075235
       9.1621075
       9.1163417
       9.0700976
       9.0234707
       8.9768563
       8.9306926
       8.8853478
       8.8411001
       8.7980833
       8.7563710
       8.7159179
       8.6766120
       8.6384020
       8.6012604
       8.5651368
       8.5298964
       8.4953293
       8.4611866
       8.4272518
       8.3933403
       8.3593410
       8.3252407
       8.2910797
       8.2569340
       8.2228953
       8.1890569
       8.1555118
       8.1223564
       8.0896853
       8.0575742
       8.0261033
       7.9953928
       7.9656479
       7.9371584
       7.9102363
       7.8852656
       7.8619328
       7.8387827
       7.8148034
       7.7901294
       7.7647773
       7.7388742
       7.7127698
       7.6867823
       7.6611122
       7.6358968
       7.6113685
       7.5879120
       7.5658023
       7.5445845
       7.5228833
       7.4992776
       7.4729829
       7.4442276
       7.4139775
       7.3830416
       7.3518434
       7.3205564
       7.2891125
       7.2572038
       7.2244484
       7.1906156
       7.1557665
       7.1201134
       7.0838363
       7.0471837
       7.0103659
       6.9732851
       6.9355313
       6.8965236
       6.8557392
       6.8128275
       6.7677429
       6.7207706
       6.6724383
       6.6233323
       6.5736229
       6.5221499
       6.4662855
       6.4032150
       6.3331997
       6.2598853
       6.1871465
       6.1157634
       6.0446299
       5.9728342
       5.9000173
       5.8263741
       5.7522997
       5.6779859
       5.6033392
       5.5280359
       5.4516861
       5.3738912
       5.2942746
       5.2124982
       5.1282395
       5.0412050
       4.9511806
       4.8580782
       4.7619654
       4.6630186
       4.5615007
       4.4576574
       4.3518755
       4.2446437
       4.1365746
       4.0282624
       3.9200249
       3.8118013
       3.7032381
       3.5940672
       3.4844323
       3.3748900
       3.2662035
       3.1591848
       3.0547325
       2.9534889
       2.8548128
       2.7561279
       2.6548634
       2.5510625
       2.4477330
       2.3486551
       2.2549251
       2.1657851
       2.0805299
       1.9989586
       1.9212858
       1.8478186
       1.7788312
       1.7146715
       1.6560156
       1.6035918
       1.5573224
       1.5155022
       1.4755284
       1.4363111
       1.3992023
       1.3649925
       1.3329120
       1.3025107
       1.2750220
       1.2517628
       1.2326027
       1.2163018
       1.2009490
       1.1846582
       1.1667639
       1.1490362
       1.1336606
       1.1212188
       1.1110077
       1.1022185
       1.0943713
       1.0873074
       1.0810357
       1.0755000
       1.0705075
       1.0657723
       1.0609835
       1.0558407
       1.0501168
       1.0436464
       1.0364236
       1.0286115
       1.0204833
       1.0123768
       1.0046409
      0.99755386
      0.99130456
      0.98601057
      0.98171106
      0.97840225
      0.97607284
      0.97470824
      0.97428001
      0.97469628
      0.97585652
      0.97766735
      0.98005011
      0.98284739
      0.98612186
      0.99049311
      0.99656527
       1.0048681
       1.0155098
       1.0283873
       1.0434810
       1.0607371
       1.0801668
       1.1018401
       1.1257834
       1.1519079
       1.1800393
       1.2098666
       1.2410358
       1.2733659
       1.3068392
       1.3414419
       1.3773383
       1.4144693
       1.4523201
       1.4898687
       1.5258911
       1.5596013
       1.5915269
       1.6234564
       1.6576205
       1.6950695
       1.7343760
       1.7716313
       1.8030610
       1.8295746
       1.8533594
       1.8754833
       1.8938594
       1.9059307
       1.9103003
       1.9087539
       1.9033683
       1.8956945
       1.8868412
       1.8764352
       1.8640078
       1.8494743
       1.8329976
       1.8147631
       1.7948589
       1.7732732
       1.7499519
       1.7249026
       1.6982544
       1.6702172
       1.6409680
       1.6104161
       1.5780299
       1.5433033
       1.5065808
       1.4688877
       1.4311125
       1.3933351
       1.3552350
       1.3167087
       1.2780232
       1.2398122
       1.2026561
       1.1668493
       1.1324987
       1.0995432
       1.0678929
       1.0375367
       1.0085446
      0.98101485
      0.95503902
      0.93067194
      0.90791824
      0.88674527
      0.86702858
      0.84850662
      0.83080406
      0.81360944
      0.79681598
      0.78048826
      0.76479292
      0.74991979
      0.73604236
      0.72327646
      0.71171105
      0.70140231
      0.69241676
      0.68473264
      0.67812162
      0.67216298
      0.66628108
      0.66010902
      0.65352596
      0.64670599
      0.63986052
      0.63327332
      0.62730897
      0.62226730
      0.61822269
      0.61488147
      0.61206927
      0.60997157
      0.60879214
      0.60857371
      0.60918181
      0.61038279
      0.61203693
      0.61390526
      0.61580785
      0.61747131
      0.61841651
      0.61805843
      0.61645397
      0.61419231
      0.61171554
      0.60930131
      0.60721802
      0.60560915
      0.60452042
      0.60383781
      0.60340262
      0.60304816
      0.60267617
      0.60227108
      0.60148221
      0.60009343
      0.59844087
      0.59713857
      0.59665431
      0.59706120
      0.59801503
      0.59915859
      0.60020019
      0.60107122
      0.60217977
      0.60444663
      0.60855835
      0.61487978
      0.62331677
      0.63303912
      0.64216679
      0.64952582
      0.65583227
      0.66243723
      0.67050074
      0.68005258
      0.69058824
      0.70234880
      0.71595279
      0.73157255
      0.74872954
      0.76689344
      0.78589890
      0.80590587
      0.82699129
      0.84885811
      0.87112182
      0.89368289
      0.91692711
      0.94079646
      0.96432197
      0.98589177
       1.0050443
       1.0224711
       1.0382623
       1.0525358
       1.0651849
       1.0772755
       1.0899335
       1.1032522
       1.1164975
       1.1284512
       1.1379435
       1.1443957
       1.1478741
       1.1493207
       1.1500198
       1.1509376
       1.1521528
       1.1529230
       1.1523987
       1.1500459
       1.1457336
       1.1396640
       1.1322825
       1.1240915
       1.1153823
       1.1063159
       1.0971865
       1.0882786
       1.0795940
       1.0707940
       1.0613913
       1.0507470
       1.0394267
       1.0282650
       1.0174834
       1.0070042
      0.99656848
      0.98544679
      0.97309688
      0.95932932
      0.94382615
      0.92650959
      0.90809855
      0.88999967
      0.87338906
      0.85847022
      0.84459313
      0.83059295
      0.81566223
      0.80011996
      0.78502116
      0.77099730
      0.75779594
      0.74506203
      0.73259038
      0.72001657
      0.70692376
      0.69338702
      0.68009943
      0.66802187
      0.65783843
      0.64958201
      0.64269252
      0.63612973
      0.62913180
      0.62171735
      0.61413607
      0.60626756
      0.59806326
      0.59032631
      0.58390886
      0.57910770
      0.57560259
      0.57249363
      0.56901249
      0.56553322
      0.56232931
      0.55813908
      0.55308492
      0.54913467
      0.54761425
      0.54764757
      0.54655127
      0.54307926
      0.53923995
      0.53740244
      0.53543700
      0.52931274
      0.51820655
      0.50662815
      0.49884624
      0.49498268
      0.49307588
      0.49165712
      0.49029288
      0.48899119
      0.48772148
      0.48644082
      0.48534132
      0.48467370
      0.48441591
      0.48420977
      0.48323671
      0.48043124
      0.47548887
      0.46928436
      0.46278082
      0.45652026
      0.45090032
      0.44637093
      0.44309102
      0.44070310
      0.43854207
      0.43606164
      0.43338951
      0.43109681
      0.42940670
      0.42813785
      0.42722808
      0.42661146
      0.42481849
      0.42051907
      0.41472035
      0.41037966
      0.40826266
      0.40805335
      0.40911823
      0.40980379
      0.40922009
      0.40791935
      0.40622671
      0.40405629
      0.40163325
      0.39947378
      0.39826958
      0.39852508
      0.40027735
      0.40339110
      0.40770505
      0.41312594
      0.41965607
      0.42720421
      0.43545188
      0.44388983
      0.45229120
      0.46114767
      0.47135235
      0.48304668
      0.49472236
      0.50443814
      0.51133859
      0.51670293
      0.52261140
      0.52984413
      0.53763167
      0.54521433
      0.55283220
      0.56103274
      0.56992316
      0.57904506
      0.58809178
      0.59715307
      0.60628918
      0.61491505
      0.62221213
      0.62825690
      0.63394387
      0.64015057
      0.64714076
      0.65489523
      0.66348803
      0.67294471
      0.68268165
      0.69108697
      0.69655378
      0.69895041
      0.69960331
      0.70075153
      0.70351347
      0.70768192
      0.71262402
      0.71789787
      0.72334315
      0.72894817
      0.73462550
      0.74001724
      0.74472289
      0.74853848
      0.75155120
      0.75426528
      0.75713494
      0.76041015
      0.76419495
      0.76838568
      0.77252556
      0.77598165
      0.77841497
      0.77986868
      0.78026383
      0.77931057
      0.77681661
      0.77262649
      0.76707936
      0.76087425
      0.75451438
      0.74853288
      0.74327405
      0.73832210
      0.73275168
      0.72620886
      0.71945479
      0.71367225
      0.70951367
      0.70638612
      0.70293535
      0.69796753
      0.69083735
      0.68189488
      0.67217004
      0.66285519
      0.65456518
      0.64735071
      0.64108379
      0.63550488
      0.63038661
      0.62559497
      0.62106085
      0.61670106
      0.61238772
      0.60803483
      0.60371457
      0.59959505
      0.59574627
      0.59211664
      0.58858772
      0.58502768
      0.58130234
      0.57709407
      0.57179675
      0.56499498
      0.55703386
      0.54873620
      0.54079682
      0.53350989
      0.52678058
      0.52016877
      0.51309475
      0.50545479
      0.49803221
      0.49174327
      0.48669996
      0.48234651
      0.47806549
      0.47359671
      0.46897982
      0.46432738
      0.45968130
      0.45501044
      0.45026117
      0.44533281
      0.44011622
      0.43465062
      0.42922695
      0.42428261
      0.41995941
      0.41610833
      0.41250686
      0.40900555
      0.40559390
      0.40238585
      0.39941846
      0.39647895
      0.39335221
      0.39011299
      0.38676406
      0.38257025
      0.37661121
      0.36919585
      0.36164387
      0.35489950
      0.34913889
      0.34405865
      0.33933649
      0.33484901
      0.33060541
      0.32639175
      0.32163526
      0.31589022
      0.30938971
      0.30300046
      0.29752818
      0.29312287
      0.28936573
      0.28565770
      0.28158143
      0.27711871
      0.27256078
      0.26823876
      0.26430609
      0.26074860
      0.25751367
      0.25462276
      0.25196479
      0.24909858
      0.24567752
      0.24199110
      0.23838532
      0.23496175
      0.23167240
      0.22852790
      0.22554952
      0.22274599
      0.22010865
      0.21762784
      0.21529916
      0.21311516
      0.21103166
      0.20894633
      0.20676449
      0.20449875
      0.20222852
      0.19999952
      0.19785953
      0.19586530
      0.19392384
      0.19193644
      0.19013000
      0.18879071
      0.18746289
      0.18547692
      0.18267068
      0.17916566
      0.17510723
      0.17077379
      0.16660830
      0.16298825
      0.16000358
      0.15755239
      0.15546854
      0.15359641
      0.15182451
      0.15008793
      0.14832271
      0.14642130
      0.14432515
      0.14209480
      0.13978592
      0.13744869
      0.13517082
      0.13300497
      0.13094111
      0.12896194
      0.12707784
      0.12527883
      0.12349026
      0.12159392
      0.11953634
      0.11743602
      0.11548722
      0.11379383
      0.11232170
      0.11097702
      0.10969854
      0.10845606
      0.10721941
      0.10597656
      0.10472032
      0.10343431
      0.10210620
      0.10074870
     0.099409873
     0.098130192
     0.096865564
     0.095498049
     0.093986505
     0.092443665
     0.091005378
     0.089699546
     0.088486767
     0.087368267
     0.086373044
     0.085465311
     0.084556440
     0.083595541
     0.082570263
     0.081455095
     0.080235343
     0.078961552
     0.077697209
     0.076461644
     0.075250131
     0.074078146
     0.072968580
     0.071917033
     0.070896075
     0.069893070
     0.068933381
     0.068040069
     0.067201885
     0.066394403
     0.065610153
     0.064850141
     0.064103363
     0.063349377
     0.062571916
     0.061770561
     0.060953162
     0.060127457
     0.059300836
     0.058481687
     0.057676303
     0.056885990
     0.056108650
     0.055341845
     0.054584022
     0.053834350
     0.053092319
     0.052357354
     0.051628306
     0.050902535
