       12.755647
       12.719383
       12.683178
       12.647059
       12.611033
       12.575099
       12.539258
       12.503508
       12.467851
       12.432286
       12.396812
       12.361430
       12.326139
       12.290938
       12.255828
       12.220808
       12.185879
       12.151039
       12.116288
       12.081627
       12.047056
       12.012572
       11.978178
       11.943873
       11.909656
       11.875530
       11.841496
       11.807560
       11.773729
       11.740015
       11.706440
       11.673031
       11.639822
       11.606852
       11.574157
       11.541756
       11.509641
       11.477757
       11.446006
       11.414245
       11.382309
       11.350038
       11.317306
       11.284032
       11.250184
       11.215742
       11.180652
       11.144761
       11.107719
       11.068918
       11.027600
       10.983338
       10.936806
       10.890264
       10.847004
       10.809858
       10.780233
       10.758251
       10.743370
       10.734853
       10.731987
       10.734173
       10.740944
       10.751959
       10.766980
       10.785833
       10.808183
       10.832953
       10.857869
       10.880283
       10.898228
       10.910745
       10.918636
       10.923163
       10.925695
       10.927381
       10.929013
       10.931113
       10.933933
       10.937543
       10.941894
       10.946866
       10.952306
       10.958073
       10.964095
       10.970363
       10.976914
       10.983773
       10.990938
       10.998379
       11.006043
       11.013853
       11.021702
       11.029465
       11.037005
       11.044189
       11.050894
       11.057026
       11.062532
       11.067392
       11.071615
       11.075231
       11.078291
       11.080863
       11.083039
       11.084918
       11.086587
       11.088088
       11.089419
       11.090539
       11.091411
       11.092021
       11.092390
       11.092571
       11.092620
       11.092581
       11.092470
       11.092255
       11.091872
       11.091216
       11.090168
       11.088595
       11.086377
       11.083398
       11.079585
       11.074883
       11.069291
       11.062846
       11.055602
       11.047648
       11.039088
       11.030033
       11.020600
       11.010906
       11.001054
       10.991131
       10.981202
       10.971313
       10.961487
       10.951731
       10.942034
       10.932365
       10.922683
       10.912928
       10.903032
       10.892936
       10.882585
       10.871938
       10.860952
       10.849609
       10.837891
       10.825776
       10.813243
       10.800274
       10.786860
       10.773001
       10.758703
       10.743975
       10.728821
       10.713237
       10.697232
       10.680805
       10.663966
       10.646718
       10.629064
       10.611012
       10.592544
       10.573648
       10.554294
       10.534486
       10.514216
       10.493441
       10.472191
       10.450511
       10.428387
       10.405852
       10.382935
       10.359634
       10.335969
       10.311954
       10.287589
       10.262889
       10.237851
       10.212485
       10.186797
       10.160810
       10.134570
       10.108152
       10.081657
       10.055234
       10.029046
       10.003275
       9.9780716
       9.9535280
       9.9296324
       9.9062418
       9.8830415
       9.8594948
       9.8348366
       9.8081329
       9.7784722
       9.7453237
       9.7089582
       9.6694501
       9.6275633
       9.5842730
       9.5404161
       9.4965938
       9.4532126
       9.4105304
       9.3686804
       9.3277063
       9.2875891
       9.2482742
       9.2096921
       9.1717679
       9.1344296
       9.0975848
       9.0611333
       9.0249800
       8.9890029
       8.9530925
       8.9171508
       8.8810981
       8.8448689
       8.8084115
       8.7717010
       8.7347514
       8.6975930
       8.6602760
       8.6228576
       8.5853359
       8.5476195
       8.5095018
       8.4707671
       8.4312423
       8.3908820
       8.3498212
       8.3081603
       8.2659114
       8.2231503
       8.1800419
       8.1367738
       8.0935794
       8.0507153
       8.0084382
       7.9669120
       7.9261337
       7.8858848
       7.8458418
       7.8057767
       7.7657173
       7.7258596
       7.6863281
       7.6470894
       7.6079945
       7.5688630
       7.5295711
       7.4900674
       7.4503467
       7.4104297
       7.3703291
       7.3300369
       7.2895300
       7.2487987
       7.2078749
       7.1668204
       7.1257519
       7.0848047
       7.0441008
       7.0037216
       6.9636556
       6.9237801
       6.8838617
       6.8435998
       6.8027495
       6.7612558
       6.7193483
       6.6775166
       6.6363350
       6.5962238
       6.5572624
       6.5192475
       6.4819285
       6.4451348
       6.4088870
       6.3733928
       6.3388873
       6.3054234
       6.2729355
       6.2413179
       6.2104167
       6.1800775
       6.1501224
       6.1203778
       6.0906991
       6.0609838
       6.0311948
       6.0013460
       5.9714757
       5.9416284
       5.9118500
       5.8821813
       5.8526646
       5.8233376
       5.7942142
       5.7652796
       5.7364814
       5.7077365
       5.6789284
       5.6499194
       5.6205545
       5.5906743
       5.5601170
       5.5287533
       5.4965001
       5.4633828
       5.4296360
       5.3958523
       5.3628963
       5.3312422
       5.3001852
       5.2681182
       5.2343183
       5.1987104
       5.1615003
       5.1234459
       5.0852790
       5.0473463
       5.0096228
       4.9717908
       4.9334050
       4.8940401
       4.8535036
       4.8118803
       4.7695611
       4.7272123
       4.6857181
       4.6455560
       4.6048705
       4.5587830
       4.5036761
       4.4414380
       4.3756424
       4.3102269
       4.2462933
       4.1825630
       4.1178810
       4.0519168
       3.9848801
       3.9170888
       3.8487109
       3.7797770
       3.7102207
       3.6400083
       3.5690962
       3.4974960
       3.4251845
       3.3521152
       3.2782333
       3.2034774
       3.1278222
       3.0512976
       2.9739914
       2.8960384
       2.8175884
       2.7387947
       2.6598072
       2.5807451
       2.5017447
       2.4228407
       2.3441493
       2.2658077
       2.1879963
       2.1109053
       2.0347282
       1.9596762
       1.8859361
       1.8136741
       1.7430318
       1.6741660
       1.6072462
       1.5424622
       1.4799986
       1.4200736
       1.3628311
       1.3084833
       1.2573729
       1.2101563
       1.1674451
       1.1291760
       1.0942515
       1.0607896
       1.0276376
      0.99568383
      0.96634485
      0.93960361
      0.91486350
      0.89214234
      0.87158683
      0.85300125
      0.83614856
      0.82094655
      0.80717585
      0.79464209
      0.78319913
      0.77276181
      0.76332447
      0.75493452
      0.74766333
      0.74154639
      0.73655738
      0.73263906
      0.72973874
      0.72767747
      0.72607971
      0.72438247
      0.72234145
      0.72011679
      0.71810851
      0.71643967
      0.71506584
      0.71379622
      0.71228298
      0.71033105
      0.70784435
      0.70482694
      0.70141312
      0.69779596
      0.69413531
      0.69053891
      0.68704331
      0.68371494
      0.68067232
      0.67802849
      0.67589880
      0.67433926
      0.67327229
      0.67281552
      0.67329598
      0.67485080
      0.67745454
      0.68119642
      0.68595417
      0.69168948
      0.69844475
      0.70624101
      0.71514682
      0.72521245
      0.73648837
      0.74897707
      0.76263287
      0.77734704
      0.79291970
      0.80914979
      0.82580658
      0.84275523
      0.85983168
      0.87684244
      0.89356070
      0.90983192
      0.92568316
      0.94128897
      0.95685899
      0.97252786
      0.98838258
       1.0046409
       1.0215838
       1.0390668
       1.0560487
       1.0710752
       1.0836138
       1.0944079
       1.1043883
       1.1138373
       1.1224791
       1.1301236
       1.1366392
       1.1419017
       1.1459245
       1.1486885
       1.1500428
       1.1496710
       1.1472163
       1.1423771
       1.1352024
       1.1259559
       1.1147675
       1.1014257
       1.0852812
       1.0655292
       1.0428040
       1.0185128
      0.99393210
      0.96969468
      0.94595300
      0.92264044
      0.89962273
      0.87677643
      0.85407651
      0.83163052
      0.80959149
      0.78810540
      0.76726184
      0.74704442
      0.72734902
      0.70800957
      0.68884419
      0.66979386
      0.65101102
      0.63280168
      0.61547404
      0.59926282
      0.58430890
      0.57066471
      0.55829239
      0.54684830
      0.53569863
      0.52429620
      0.51247488
      0.50064443
      0.48950297
      0.47956174
      0.47083100
      0.46294785
      0.45557927
      0.44869492
      0.44238006
      0.43652383
      0.43087075
      0.42513850
      0.41911380
      0.41267441
      0.40609645
      0.39978002
      0.39420587
      0.38958031
      0.38573702
      0.38251490
      0.37987803
      0.37778345
      0.37617479
      0.37497854
      0.37410043
      0.37340931
      0.37271102
      0.37173821
      0.37030330
      0.36834569
      0.36591071
      0.36298435
      0.35972399
      0.35644859
      0.35344796
      0.35085070
      0.34866372
      0.34686527
      0.34543660
      0.34437692
      0.34368752
      0.34337657
      0.34345346
      0.34391503
      0.34476606
      0.34594666
      0.34724311
      0.34851502
      0.34982682
      0.35133789
      0.35326100
      0.35556806
      0.35804959
      0.36003456
      0.36072249
      0.36023721
      0.35977650
      0.36037925
      0.36268218
      0.36655014
      0.37158425
      0.37732716
      0.38326976
      0.38901065
      0.39463479
      0.40053588
      0.40715763
      0.41468136
      0.42300581
      0.43189564
      0.44116997
      0.45071638
      0.46060142
      0.47095374
      0.48174037
      0.49290776
      0.50455396
      0.51683190
      0.52976701
      0.54316207
      0.55676257
      0.57073215
      0.58549888
      0.60119158
      0.61642355
      0.62953504
      0.63962349
      0.64704170
      0.65309322
      0.65854997
      0.66384161
      0.66949327
      0.67571959
      0.68198371
      0.68744845
      0.69184488
      0.69568624
      0.69955537
      0.70359766
      0.70754938
      0.71111400
      0.71408815
      0.71638567
      0.71802066
      0.71898129
      0.71900057
      0.71774199
      0.71529057
      0.71229972
      0.70907818
      0.70521942
      0.70020114
      0.69423162
      0.68789057
      0.68050226
      0.66830888
      0.64911850
      0.62724928
      0.60849777
      0.59447282
      0.58375667
      0.57447696
      0.56559333
      0.55682333
      0.54817961
      0.53968598
      0.53134881
      0.52318426
      0.51523568
      0.50755031
      0.50015511
      0.49305617
      0.48626491
      0.47981920
      0.47375032
      0.46796264
      0.46218118
      0.45618275
      0.45011261
      0.44441965
      0.43917393
      0.43387590
      0.42834855
      0.42308173
      0.41835114
      0.41354711
      0.40787746
      0.40157515
      0.39544585
      0.38989144
      0.38467482
      0.37982736
      0.37578431
      0.37209363
      0.36771880
      0.36263808
      0.35758539
      0.35320029
      0.34955739
      0.34638962
      0.34347037
      0.34073005
      0.33818246
      0.33594988
      0.33420920
      0.33299448
      0.33214443
      0.33151416
      0.33119235
      0.33100920
      0.33046143
      0.32949912
      0.32857077
      0.32781244
      0.32735850
      0.32771973
      0.32916695
      0.33054126
      0.33052076
      0.32908157
      0.32683325
      0.32360076
      0.31940544
      0.31480586
      0.31091635
      0.30823140
      0.30629273
      0.30395168
      0.30105632
      0.29805065
      0.29550737
      0.29376073
      0.29279246
      0.29247862
      0.29264411
      0.29314139
      0.29388885
      0.29486619
      0.29606741
      0.29749754
      0.29915317
      0.30102609
      0.30304221
      0.30506377
      0.30677309
      0.30792451
      0.30855784
      0.30889915
      0.30936636
      0.31014869
      0.31093375
      0.31120012
      0.31063573
      0.30980401
      0.30944453
      0.30994040
      0.31138961
      0.31347556
      0.31582353
      0.31843413
      0.32110363
      0.32353856
      0.32612983
      0.32951249
      0.33402987
      0.33942441
      0.34504774
      0.35032561
      0.35530396
      0.36044726
      0.36626010
      0.37292931
      0.38053623
      0.38903750
      0.39788844
      0.40613488
      0.41319379
      0.41928087
      0.42520761
      0.43181550
      0.43940412
      0.44774728
      0.45638663
      0.46492000
      0.47316276
      0.48121740
      0.48941469
      0.49798799
      0.50692646
      0.51603996
      0.52514370
      0.53416684
      0.54313888
      0.55214445
      0.56127405
      0.57064858
      0.58045417
      0.59064017
      0.60054618
      0.60941290
      0.61700160
      0.62359191
      0.62971371
      0.63522395
      0.63971663
      0.64327647
      0.64630632
      0.64846568
      0.64854617
      0.64634415
      0.64317260
      0.64132231
      0.64183098
      0.64407913
      0.64693064
      0.64963485
      0.65202022
      0.65430100
      0.65677906
      0.65945626
      0.66205779
      0.66438066
      0.66646823
      0.66838785
      0.66991028
      0.67064778
      0.67048149
      0.66973374
      0.66896970
      0.66848996
      0.66831504
      0.66849555
      0.66912892
      0.67013108
      0.67117661
      0.67188514
      0.67199337
      0.67137545
      0.67000373
      0.66817670
      0.66664535
      0.66613097
      0.66668259
      0.66728657
      0.66628987
      0.66259720
      0.65626131
      0.64868799
      0.64141995
      0.63519947
      0.62983608
      0.62460005
      0.61886720
      0.61269887
      0.60669132
      0.60142578
      0.59711268
      0.59358069
      0.59043310
      0.58727545
      0.58387007
      0.58018268
      0.57626439
      0.57207167
      0.56745150
      0.56232976
      0.55684074
      0.55131032
      0.54613126
      0.54151725
      0.53740847
      0.53363122
      0.53011928
      0.52696359
      0.52428938
      0.52205778
      0.51985095
      0.51703541
      0.51326432
      0.50876628
      0.50391651
      0.49865599
      0.49264125
      0.48598108
      0.47931479
      0.47309698
      0.46734891
      0.46180005
      0.45624309
      0.45067073
      0.44528564
      0.44032026
      0.43586434
      0.43188241
      0.42828551
      0.42494797
      0.42168567
      0.41828917
      0.41464228
      0.41079223
      0.40687746
      0.40299051
      0.39915530
      0.39540434
      0.39181487
      0.38847067
      0.38539446
      0.38253186
      0.37981105
      0.37720957
      0.37473317
      0.37227914
      0.36969463
      0.36696917
      0.36393124
      0.35994147
      0.35441216
      0.34766176
      0.34063162
      0.33410525
      0.32830707
      0.32308777
      0.31825489
      0.31366973
      0.30922724
      0.30487155
      0.30058344
      0.29634640
      0.29214872
      0.28802642
      0.28405102
      0.28028217
      0.27674889
      0.27346145
      0.27042526
      0.26755853
      0.26459772
      0.26115218
      0.25701046
      0.25240760
      0.24777795
      0.24344770
      0.23953675
      0.23600421
      0.23270764
      0.22946175
      0.22614220
      0.22277275
      0.21947162
      0.21634291
      0.21341825
      0.21067870
      0.20809876
      0.20565078
      0.20331007
      0.20104744
      0.19879932
      0.19648200
      0.19408208
      0.19167509
      0.18929779
      0.18686600
      0.18429033
      0.18172474
      0.17940328
      0.17718677
      0.17484091
      0.17224919
      0.16928634
      0.16589107
      0.16218295
      0.15847744
      0.15508570
      0.15211488
      0.14950746
      0.14716091
      0.14498410
      0.14285971
      0.14064645
      0.13824871
      0.13568685
      0.13307863
      0.13052605
      0.12806493
      0.12570417
      0.12345732
      0.12131315
      0.11921342
      0.11709738
      0.11495043
      0.11278982
      0.11063487
      0.10850344
      0.10643657
      0.10447774
      0.10264427
      0.10092763
     0.099313045
     0.097771660
     0.096255331
     0.094743131
     0.093229927
     0.091709024
     0.090213307
     0.088800351
     0.087461750
     0.086115553
     0.084713071
     0.083291103
     0.081912678
     0.080610817
     0.079386912
     0.078246932
     0.077213790
     0.076305832
     0.075505194
     0.074757726
     0.073999033
     0.073185595
     0.072283524
     0.071254178
     0.070131729
     0.069003544
     0.067933299
     0.066934374
     0.065992137
     0.065090070
     0.064219845
     0.063375598
     0.062545976
     0.061720189
     0.060895454
     0.060075758
     0.059264522
     0.058462496
     0.057669438
     0.056885143
     0.056109582
     0.055342762
     0.054584534
     0.053834557
     0.053092373
     0.052357348
     0.051628281
     0.050902507
