       12.755605
       12.719375
       12.683176
       12.647059
       12.611033
       12.575099
       12.539258
       12.503508
       12.467851
       12.432286
       12.396812
       12.361430
       12.326139
       12.290938
       12.255828
       12.220808
       12.185879
       12.151039
       12.116288
       12.081627
       12.047056
       12.012572
       11.978178
       11.943872
       11.909656
       11.875528
       11.841493
       11.807552
       11.773711
       11.739980
       11.706371
       11.672904
       11.639597
       11.606472
       11.573537
       11.540782
       11.508161
       11.475588
       11.442936
       11.410049
       11.376771
       11.342974
       11.308587
       11.273610
       11.238114
       11.202218
       11.166050
       11.129686
       11.093059
       11.055877
       11.017647
       10.977967
       10.937083
       10.896344
       10.857963
       10.824008
       10.795677
       10.773208
       10.756239
       10.744158
       10.736291
       10.731986
       10.730645
       10.731749
       10.734861
       10.739635
       10.745800
       10.753131
       10.761430
       10.770505
       10.780167
       10.790243
       10.800575
       10.811024
       10.821471
       10.831810
       10.841955
       10.851835
       10.861395
       10.870588
       10.879367
       10.887681
       10.895482
       10.902718
       10.909351
       10.915355
       10.920735
       10.925521
       10.929763
       10.933521
       10.936869
       10.939885
       10.942637
       10.945190
       10.947612
       10.949951
       10.952237
       10.954478
       10.956665
       10.958783
       10.960814
       10.962731
       10.964499
       10.966060
       10.967346
       10.968276
       10.968763
       10.968722
       10.968089
       10.966815
       10.964878
       10.962297
       10.959116
       10.955404
       10.951249
       10.946745
       10.941987
       10.937054
       10.932010
       10.926904
       10.921752
       10.916552
       10.911278
       10.905881
       10.900300
       10.894457
       10.888278
       10.881690
       10.874633
       10.867056
       10.858933
       10.850249
       10.841001
       10.831193
       10.820849
       10.810021
       10.798791
       10.787275
       10.775619
       10.763985
       10.752525
       10.741358
       10.730518
       10.719946
       10.709509
       10.699061
       10.688487
       10.677731
       10.666768
       10.655555
       10.643989
       10.631908
       10.619125
       10.605494
       10.590953
       10.575524
       10.559274
       10.542243
       10.524394
       10.505587
       10.485600
       10.464212
       10.441288
       10.416842
       10.391122
       10.364552
       10.337619
       10.310768
       10.284309
       10.258424
       10.233232
       10.208783
       10.185043
       10.161951
       10.139450
       10.117485
       10.095992
       10.074907
       10.054153
       10.033649
       10.013304
       9.9930098
       9.9726498
       9.9520985
       9.9312375
       9.9099627
       9.8881638
       9.8657345
       9.8426179
       9.8188289
       9.7940632
       9.7684944
       9.7422079
       9.7151936
       9.6875093
       9.6592106
       9.6303631
       9.6010381
       9.5712805
       9.5411342
       9.5106440
       9.4798701
       9.4489004
       9.4178342
       9.3867299
       9.3555181
       9.3239835
       9.2918795
       9.2590562
       9.2254816
       9.1912461
       9.1565012
       9.1213351
       9.0857144
       9.0495929
       9.0129310
       8.9756809
       8.9377917
       8.8992607
       8.8601368
       8.8204978
       8.7804474
       8.7400776
       8.6993933
       8.6583750
       8.6169970
       8.5752389
       8.5331007
       8.4905956
       8.4477307
       8.4045188
       8.3609801
       8.3171585
       8.2730995
       8.2288589
       8.1845105
       8.1401164
       8.0957382
       8.0514377
       8.0072664
       7.9632641
       7.9194675
       7.8759093
       7.8326120
       7.7895951
       7.7468709
       7.7044467
       7.6623236
       7.6204971
       7.5789550
       7.5376723
       7.4966150
       7.4557429
       7.4150178
       7.3744091
       7.3338900
       7.2934316
       7.2529769
       7.2124155
       7.1715997
       7.1304220
       7.0889158
       7.0473007
       7.0059182
       6.9650899
       6.9249560
       6.8855540
       6.8469267
       6.8090479
       6.7718690
       6.7353407
       6.6994046
       6.6639776
       6.6289973
       6.5944208
       6.5602135
       6.5263594
       6.4928585
       6.4597148
       6.4269418
       6.3945469
       6.3625378
       6.3309055
       6.2996333
       6.2686940
       6.2380643
       6.2077209
       6.1776425
       6.1477984
       6.1181711
       6.0887399
       6.0594927
       6.0304291
       6.0015664
       5.9729283
       5.9445382
       5.9164096
       5.8885430
       5.8609206
       5.8335004
       5.8062173
       5.7789843
       5.7517053
       5.7242924
       5.6966815
       5.6688480
       5.6408308
       5.6127338
       5.5846800
       5.5566879
       5.5285410
       5.4997047
       5.4695163
       5.4376732
       5.4041964
       5.3689316
       5.3319246
       5.2934383
       5.2538409
       5.2134830
       5.1726613
       5.1316231
       5.0905396
       5.0495224
       5.0086401
       4.9679012
       4.9272777
       4.8867313
       4.8462285
       4.8056894
       4.7650342
       4.7241002
       4.6827148
       4.6406605
       4.5977225
       4.5536925
       4.5084014
       4.4617181
       4.4135341
       4.3638163
       4.3125432
       4.2597870
       4.2056224
       4.1501725
       4.0935643
       4.0359228
       3.9773739
       3.9180373
       3.8580543
       3.7975187
       3.7364005
       3.6744522
       3.6112442
       3.5464065
       3.4800443
       3.4127500
       3.3452760
       3.2779854
       3.2108024
       3.1435486
       3.0760950
       3.0083795
       2.9404289
       2.8723405
       2.8043131
       2.7365876
       2.6691748
       2.6018741
       2.5337582
       2.4636629
       2.3908993
       2.3157428
       2.2390890
       2.1618782
       2.0847385
       2.0081858
       1.9326505
       1.8583795
       1.7853689
       1.7135419
       1.6431692
       1.5747769
       1.5089188
       1.4459084
       1.3859773
       1.3292599
       1.2758379
       1.2257009
       1.1787514
       1.1348533
       1.0938485
       1.0555683
       1.0198627
      0.98659226
      0.95569851
      0.92707316
      0.90065639
      0.87637523
      0.85411972
      0.83376710
      0.81517099
      0.79817606
      0.78263456
      0.76844282
      0.75554535
      0.74390690
      0.73346921
      0.72414771
      0.71582439
      0.70839396
      0.70178978
      0.69597773
      0.69093782
      0.68664017
      0.68303294
      0.68005511
      0.67761447
      0.67562710
      0.67400398
      0.67265212
      0.67145150
      0.67033376
      0.66936699
      0.66869633
      0.66834539
      0.66793245
      0.66689557
      0.66507441
      0.66281490
      0.66049500
      0.65866868
      0.65745098
      0.65684996
      0.65685810
      0.65745702
      0.65864791
      0.66044531
      0.66289500
      0.66603440
      0.66982091
      0.67396207
      0.67804230
      0.68167591
      0.68498743
      0.68862147
      0.69320284
      0.69899490
      0.70613817
      0.71470623
      0.72463607
      0.73570917
      0.74773447
      0.76071774
      0.77472877
      0.78976308
      0.80568483
      0.82233564
      0.83953950
      0.85713779
      0.87496173
      0.89280220
      0.91050376
      0.92791921
      0.94498172
      0.96164592
      0.97775323
      0.99299096
       1.0070065
       1.0195670
       1.0306074
       1.0402109
       1.0484816
       1.0554351
       1.0610728
       1.0653757
       1.0683716
       1.0701087
       1.0706202
       1.0699111
       1.0679848
       1.0648828
       1.0604853
       1.0543721
       1.0461515
       1.0360604
       1.0248918
       1.0135970
       1.0024136
      0.99120655
      0.97959024
      0.96732682
      0.95428765
      0.94037881
      0.92550499
      0.90953983
      0.89245372
      0.87432184
      0.85536230
      0.83584294
      0.81604469
      0.79619293
      0.77643806
      0.75685860
      0.73749719
      0.71839360
      0.69959421
      0.68111510
      0.66293941
      0.64502836
      0.62741191
      0.61018189
      0.59357212
      0.57782905
      0.56308601
      0.54936962
      0.53662881
      0.52478533
      0.51381308
      0.50366328
      0.49411951
      0.48462932
      0.47459475
      0.46379994
      0.45281266
      0.44244342
      0.43316383
      0.42518153
      0.41844965
      0.41268860
      0.40748992
      0.40242082
      0.39714532
      0.39153900
      0.38583441
      0.38035569
      0.37526898
      0.37056181
      0.36619860
      0.36223897
      0.35874223
      0.35578989
      0.35343435
      0.35168083
      0.35056152
      0.35003877
      0.35001427
      0.35033943
      0.35082659
      0.35133731
      0.35172953
      0.35185351
      0.35163597
      0.35117337
      0.35061455
      0.35008200
      0.34970714
      0.34944332
      0.34897130
      0.34808827
      0.34683302
      0.34570513
      0.34475178
      0.34371501
      0.34288411
      0.34255194
      0.34248012
      0.34249220
      0.34282925
      0.34391622
      0.34575737
      0.34785202
      0.34962463
      0.35086283
      0.35181252
      0.35283113
      0.35410061
      0.35566384
      0.35743335
      0.35947883
      0.36178954
      0.36436893
      0.36755462
      0.37167069
      0.37683106
      0.38291287
      0.38971475
      0.39708689
      0.40499506
      0.41344414
      0.42244334
      0.43213930
      0.44259700
      0.45351521
      0.46447050
      0.47534445
      0.48619796
      0.49723444
      0.50863490
      0.52021827
      0.53170648
      0.54298717
      0.55400432
      0.56465727
      0.57488830
      0.58487741
      0.59480959
      0.60459352
      0.61396737
      0.62271085
      0.63081655
      0.63812766
      0.64374988
      0.64662989
      0.64689624
      0.64507229
      0.64302478
      0.64244465
      0.64335856
      0.64504482
      0.64698162
      0.64903242
      0.65113838
      0.65320837
      0.65506923
      0.65651660
      0.65745150
      0.65801273
      0.65849849
      0.65919922
      0.66004896
      0.66038343
      0.65915678
      0.65552084
      0.64972609
      0.64266460
      0.63504371
      0.62751463
      0.62055678
      0.61405480
      0.60718352
      0.59922922
      0.59006818
      0.58006420
      0.56984046
      0.55996666
      0.55075380
      0.54226004
      0.53431844
      0.52669563
      0.51918674
      0.51135138
      0.50243883
      0.49182679
      0.48040852
      0.46983016
      0.45968055
      0.44720786
      0.43191078
      0.41631332
      0.40260651
      0.39146242
      0.38243270
      0.37483464
      0.36836561
      0.36287326
      0.35819015
      0.35411680
      0.35050951
      0.34727757
      0.34436519
      0.34175755
      0.33947652
      0.33754858
      0.33597854
      0.33474309
      0.33382304
      0.33322524
      0.33299031
      0.33319399
      0.33370402
      0.33398566
      0.33363323
      0.33305796
      0.33296939
      0.33309575
      0.33252260
      0.33099600
      0.32921152
      0.32789120
      0.32714222
      0.32583937
      0.32330234
      0.31980826
      0.31622792
      0.31319487
      0.31090394
      0.30922989
      0.30795034
      0.30694478
      0.30629549
      0.30588335
      0.30526576
      0.30429763
      0.30388157
      0.30418461
      0.30329762
      0.30048661
      0.29719650
      0.29501322
      0.29423370
      0.29410702
      0.29402423
      0.29391171
      0.29438959
      0.29587372
      0.29756164
      0.29786581
      0.29555561
      0.29142444
      0.28678790
      0.28267257
      0.27928907
      0.27676708
      0.27524428
      0.27463522
      0.27471682
      0.27526240
      0.27610101
      0.27715510
      0.27844309
      0.28008113
      0.28223698
      0.28492118
      0.28810386
      0.29181248
      0.29617002
      0.30135432
      0.30744258
      0.31407805
      0.32051124
      0.32626129
      0.33128698
      0.33597352
      0.34073606
      0.34569673
      0.35072690
      0.35584582
      0.36115782
      0.36682417
      0.37299293
      0.37965109
      0.38648042
      0.39310442
      0.39934356
      0.40539825
      0.41175607
      0.41880103
      0.42649500
      0.43453509
      0.44272483
      0.45088066
      0.45880968
      0.46641602
      0.47382364
      0.48119868
      0.48870206
      0.49645608
      0.50459899
      0.51312039
      0.52157303
      0.52924283
      0.53571842
      0.54116786
      0.54623470
      0.55153918
      0.55727505
      0.56327665
      0.56929768
      0.57522803
      0.58114337
      0.58719680
      0.59345775
      0.59983957
      0.60615705
      0.61224629
      0.61807972
      0.62385089
      0.62992818
      0.63651741
      0.64319761
      0.64916615
      0.65385235
      0.65708181
      0.65940958
      0.66112370
      0.66223309
      0.66278066
      0.66236391
      0.66008615
      0.65595340
      0.65139020
      0.64813729
      0.64671951
      0.64677156
      0.64768591
      0.64890766
      0.64997240
      0.65062227
      0.65085073
      0.65090333
      0.65102956
      0.65126016
      0.65142278
      0.65126842
      0.65057963
      0.64926939
      0.64745794
      0.64544831
      0.64355597
      0.64195211
      0.64063977
      0.63957928
      0.63876678
      0.63823965
      0.63803643
      0.63810747
      0.63824450
      0.63821327
      0.63788841
      0.63706892
      0.63550318
      0.63316017
      0.63014072
      0.62618173
      0.62076046
      0.61366076
      0.60538790
      0.59691439
      0.58899963
      0.58181957
      0.57515304
      0.56883068
      0.56297499
      0.55785349
      0.55360226
      0.55011186
      0.54706466
      0.54403656
      0.54071715
      0.53706338
      0.53324030
      0.52933843
      0.52525358
      0.52088937
      0.51631694
      0.51162346
      0.50681772
      0.50198563
      0.49735475
      0.49316337
      0.48949670
      0.48622326
      0.48297663
      0.47936221
      0.47522989
      0.47069756
      0.46605057
      0.46154255
      0.45719327
      0.45276725
      0.44807934
      0.44317564
      0.43810774
      0.43276808
      0.42700294
      0.42098655
      0.41521629
      0.41003731
      0.40544158
      0.40122806
      0.39722353
      0.39338346
      0.38974089
      0.38628661
      0.38292835
      0.37955784
      0.37615321
      0.37278972
      0.36952047
      0.36632391
      0.36316181
      0.36004617
      0.35704258
      0.35422009
      0.35158190
      0.34903430
      0.34647554
      0.34388733
      0.34125041
      0.33824925
      0.33414938
      0.32856943
      0.32217728
      0.31606502
      0.31082102
      0.30631161
      0.30208320
      0.29783292
      0.29348452
      0.28903181
      0.28445181
      0.27978521
      0.27515801
      0.27071879
      0.26658617
      0.26282645
      0.25944790
      0.25639384
      0.25355120
      0.25077972
      0.24791527
      0.24479781
      0.24134311
      0.23753046
      0.23344643
      0.22931925
      0.22535815
      0.22164523
      0.21817680
      0.21491625
      0.21179863
      0.20873693
      0.20567583
      0.20263834
      0.19969050
      0.19688445
      0.19423749
      0.19174215
      0.18938483
      0.18715534
      0.18503463
      0.18297513
      0.18090976
      0.17877125
      0.17648436
      0.17397340
      0.17131727
      0.16873478
      0.16618028
      0.16349836
      0.16074408
      0.15809489
      0.15563367
      0.15322177
      0.15061588
      0.14773798
      0.14469851
      0.14174720
      0.13905388
      0.13661915
      0.13435717
      0.13216378
      0.12992617
      0.12754773
      0.12501512
      0.12242881
      0.11992051
      0.11756281
      0.11536950
      0.11333208
      0.11141573
      0.10955540
      0.10767817
      0.10572105
      0.10365270
      0.10150840
     0.099388586
     0.097403294
     0.095603243
     0.093979946
     0.092500549
     0.091126791
     0.089793979
     0.088450471
     0.087090510
     0.085709160
     0.084328554
     0.083018476
     0.081807378
     0.080638241
     0.079445563
     0.078233700
     0.077057152
     0.075962474
     0.074962762
     0.074049506
     0.073224464
     0.072492343
     0.071821920
     0.071145756
     0.070411876
     0.069598363
     0.068701881
     0.067718672
     0.066652905
     0.065551209
     0.064482976
     0.063491081
     0.062574960
     0.061710870
     0.060876261
     0.060058328
     0.059251365
     0.058453188
     0.057663172
     0.056881272
     0.056107506
     0.055341852
     0.054584250
     0.053834543
     0.053092444
     0.052357426
     0.051628342
     0.050902554
