#
# see https://almascience.org/alma-data/lp/DSHARP/profiles/README_profiles
#
5.0000E-01   4.1322E-03    3.8660E-03   1.3172E-04    4.5129E+01   1.5376E+00   5.0648E+01   1.5442E+00   
1.5000E+00   1.2397E-02    3.8480E-03   1.7516E-04    4.4919E+01   2.0447E+00   5.0437E+01   2.0535E+00   
2.5000E+00   2.0661E-02    3.8087E-03   1.9241E-04    4.4460E+01   2.2461E+00   4.9976E+01   2.2560E+00   
3.5000E+00   2.8926E-02    3.7356E-03   1.9145E-04    4.3607E+01   2.2349E+00   4.9119E+01   2.2451E+00   
4.5000E+00   3.7190E-02    3.6107E-03   1.6785E-04    4.2149E+01   1.9594E+00   4.7654E+01   1.9689E+00   
5.5000E+00   4.5455E-02    3.4231E-03   1.3019E-04    3.9959E+01   1.5198E+00   4.5453E+01   1.5278E+00   
6.5000E+00   5.3719E-02    3.1655E-03   1.0105E-04    3.6952E+01   1.1796E+00   4.2429E+01   1.1868E+00   
7.5000E+00   6.1983E-02    2.8613E-03   8.0339E-05    3.3401E+01   9.3783E-01   3.8854E+01   9.4466E-01   
8.5000E+00   7.0248E-02    2.5475E-03   7.8285E-05    2.9738E+01   9.1385E-01   3.5161E+01   9.2199E-01   
9.5000E+00   7.8512E-02    2.3311E-03   7.8319E-05    2.7212E+01   9.1425E-01   3.2611E+01   9.2372E-01   
1.0500E+01   8.6777E-02    2.2407E-03   6.5249E-05    2.6157E+01   7.6168E-01   3.1544E+01   7.7011E-01   
1.1500E+01   9.5041E-02    2.2646E-03   4.4489E-05    2.6436E+01   5.1934E-01   3.1826E+01   5.2498E-01   
1.2500E+01   1.0331E-01    2.3398E-03   3.0889E-05    2.7313E+01   3.6058E-01   3.2714E+01   3.6429E-01   
1.3500E+01   1.1157E-01    2.4021E-03   2.6701E-05    2.8041E+01   3.1169E-01   3.3448E+01   3.1476E-01   
1.4500E+01   1.1983E-01    2.4219E-03   2.2499E-05    2.8272E+01   2.6264E-01   3.3682E+01   2.6519E-01   
1.5500E+01   1.2810E-01    2.3945E-03   1.7502E-05    2.7952E+01   2.0431E-01   3.3359E+01   2.0633E-01   
1.6500E+01   1.3636E-01    2.3324E-03   1.5055E-05    2.7227E+01   1.7574E-01   3.2626E+01   1.7756E-01   
1.7500E+01   1.4463E-01    2.2543E-03   1.4458E-05    2.6315E+01   1.6877E-01   3.1705E+01   1.7062E-01   
1.8500E+01   1.5289E-01    2.1734E-03   1.3201E-05    2.5371E+01   1.5410E-01   3.0750E+01   1.5589E-01   
1.9500E+01   1.6116E-01    2.0997E-03   1.1216E-05    2.4511E+01   1.3093E-01   2.9879E+01   1.3254E-01   
2.0500E+01   1.6942E-01    2.0377E-03   9.5651E-06    2.3787E+01   1.1166E-01   2.9146E+01   1.1311E-01   
2.1500E+01   1.7769E-01    1.9899E-03   8.9447E-06    2.3229E+01   1.0441E-01   2.8581E+01   1.0582E-01   
2.2500E+01   1.8595E-01    1.9532E-03   9.0868E-06    2.2800E+01   1.0607E-01   2.8147E+01   1.0755E-01   
2.3500E+01   1.9421E-01    1.9214E-03   9.3044E-06    2.2429E+01   1.0861E-01   2.7770E+01   1.1017E-01   
2.4500E+01   2.0248E-01    1.8902E-03   9.0528E-06    2.2065E+01   1.0568E-01   2.7401E+01   1.0723E-01   
2.5500E+01   2.1074E-01    1.8544E-03   8.3329E-06    2.1647E+01   9.7273E-02   2.6977E+01   9.8747E-02   
2.6500E+01   2.1901E-01    1.8135E-03   7.5633E-06    2.1170E+01   8.8289E-02   2.6492E+01   8.9677E-02   
2.7500E+01   2.2727E-01    1.7682E-03   7.0678E-06    2.0641E+01   8.2505E-02   2.5955E+01   8.3856E-02   
2.8500E+01   2.3554E-01    1.7208E-03   7.4248E-06    2.0088E+01   8.6672E-02   2.5392E+01   8.8156E-02   
2.9500E+01   2.4380E-01    1.6699E-03   8.8124E-06    1.9493E+01   1.0287E-01   2.4787E+01   1.0472E-01   
3.0500E+01   2.5207E-01    1.6150E-03   1.0551E-05    1.8852E+01   1.2317E-01   2.4135E+01   1.2550E-01   
3.1500E+01   2.6033E-01    1.5522E-03   1.2451E-05    1.8119E+01   1.4535E-01   2.3387E+01   1.4828E-01   
3.2500E+01   2.6860E-01    1.4768E-03   1.3990E-05    1.7239E+01   1.6331E-01   2.2489E+01   1.6688E-01   
3.3500E+01   2.7686E-01    1.3817E-03   1.5130E-05    1.6129E+01   1.7662E-01   2.1353E+01   1.8091E-01   
3.4500E+01   2.8512E-01    1.2603E-03   1.5639E-05    1.4712E+01   1.8256E-01   1.9899E+01   1.8767E-01   
3.5500E+01   2.9339E-01    1.1142E-03   1.5169E-05    1.3006E+01   1.7707E-01   1.8141E+01   1.8305E-01   
3.6500E+01   3.0165E-01    9.4545E-04   1.4367E-05    1.1037E+01   1.6771E-01   1.6096E+01   1.7493E-01   
3.7500E+01   3.0992E-01    7.6998E-04   1.3622E-05    8.9883E+00   1.5901E-01   1.3946E+01   1.6818E-01   
3.8500E+01   3.1818E-01    5.9579E-04   1.3948E-05    6.9549E+00   1.6282E-01   1.1773E+01   1.7612E-01   
3.9500E+01   3.2645E-01    4.3734E-04   1.4889E-05    5.1052E+00   1.7380E-01   9.7395E+00   1.9485E-01   
4.0500E+01   3.3471E-01    3.0535E-04   1.5542E-05    3.5645E+00   1.8143E-01   7.9688E+00   2.1502E-01   
4.1500E+01   3.4298E-01    2.0430E-04   1.5050E-05    2.3849E+00   1.7568E-01   6.5187E+00   2.2604E-01   
4.2500E+01   3.5124E-01    1.3434E-04   1.3229E-05    1.5682E+00   1.5443E-01   5.4154E+00   2.2169E-01   
4.3500E+01   3.5950E-01    8.9157E-05   1.0467E-05    1.0408E+00   1.2219E-01   4.6125E+00   1.9993E-01   
4.4500E+01   3.6777E-01    6.1114E-05   7.7134E-06    7.1341E-01   9.0041E-02   4.0417E+00   1.6954E-01   
4.5500E+01   3.7603E-01    4.3573E-05   5.6469E-06    5.0864E-01   6.5918E-02   3.6306E+00   1.4291E-01   
4.6500E+01   3.8430E-01    3.1711E-05   4.6070E-06    3.7017E-01   5.3779E-02   3.3098E+00   1.3481E-01   
4.7500E+01   3.9256E-01    2.5734E-05   4.3319E-06    3.0040E-01   5.0568E-02   3.1267E+00   1.4039E-01   
4.8500E+01   4.0083E-01    2.5381E-05   4.3099E-06    2.9628E-01   5.0311E-02   3.1153E+00   1.4064E-01   
4.9500E+01   4.0909E-01    3.2681E-05   4.4539E-06    3.8150E-01   5.1992E-02   3.3379E+00   1.2845E-01   
5.0500E+01   4.1736E-01    4.6000E-05   4.5430E-06    5.3697E-01   5.3032E-02   3.6912E+00   1.1221E-01   
5.1500E+01   4.2562E-01    6.4286E-05   4.7645E-06    7.5043E-01   5.5618E-02   4.1106E+00   1.0255E-01   
5.2500E+01   4.3388E-01    8.6512E-05   5.4221E-06    1.0099E+00   6.3294E-02   4.5618E+00   1.0455E-01   
5.3500E+01   4.4215E-01    1.1236E-04   6.6226E-06    1.3116E+00   7.7308E-02   5.0377E+00   1.1707E-01   
5.4500E+01   4.5041E-01    1.4274E-04   8.0318E-06    1.6663E+00   9.3758E-02   5.5548E+00   1.3221E-01   
5.5500E+01   4.5868E-01    1.7798E-04   9.3219E-06    2.0776E+00   1.0882E-01   6.1172E+00   1.4471E-01   
5.6500E+01   4.6694E-01    2.1722E-04   1.0113E-05    2.5357E+00   1.1805E-01   6.7113E+00   1.4975E-01   
5.7500E+01   4.7521E-01    2.6046E-04   1.0324E-05    3.0404E+00   1.2052E-01   7.3389E+00   1.4715E-01   
5.8500E+01   4.8347E-01    3.0930E-04   1.0092E-05    3.6106E+00   1.1781E-01   8.0233E+00   1.3929E-01   
5.9500E+01   4.9174E-01    3.6368E-04   9.7786E-06    4.2454E+00   1.1415E-01   8.7635E+00   1.3141E-01   
6.0500E+01   5.0000E-01    4.2430E-04   9.4482E-06    4.9530E+00   1.1029E-01   9.5686E+00   1.2415E-01   
6.1500E+01   5.0826E-01    4.9112E-04   8.9459E-06    5.7330E+00   1.0443E-01   1.0438E+01   1.1537E-01   
6.2500E+01   5.1653E-01    5.6387E-04   8.0226E-06    6.5823E+00   9.3651E-02   1.1369E+01   1.0187E-01   
6.3500E+01   5.2479E-01    6.3809E-04   7.8431E-06    7.4487E+00   9.1555E-02   1.2305E+01   9.8379E-02   
6.4500E+01   5.3306E-01    7.0280E-04   9.0752E-06    8.2040E+00   1.0594E-01   1.3113E+01   1.1287E-01   
6.5500E+01   5.4132E-01    7.4800E-04   1.0580E-05    8.7317E+00   1.2350E-01   1.3674E+01   1.3092E-01   
6.6500E+01   5.4959E-01    7.6717E-04   1.1141E-05    8.9555E+00   1.3005E-01   1.3911E+01   1.3759E-01   
6.7500E+01   5.5785E-01    7.6313E-04   1.0935E-05    8.9083E+00   1.2765E-01   1.3861E+01   1.3510E-01   
6.8500E+01   5.6612E-01    7.4382E-04   1.0512E-05    8.6829E+00   1.2271E-01   1.3622E+01   1.3013E-01   
6.9500E+01   5.7438E-01    7.1284E-04   1.0074E-05    8.3212E+00   1.1760E-01   1.3238E+01   1.2514E-01   
7.0500E+01   5.8264E-01    6.7563E-04   9.5657E-06    7.8869E+00   1.1166E-01   1.2775E+01   1.1937E-01   
7.1500E+01   5.9091E-01    6.3377E-04   8.8429E-06    7.3982E+00   1.0323E-01   1.2251E+01   1.1099E-01   
7.2500E+01   5.9917E-01    5.8430E-04   7.9248E-06    6.8207E+00   9.2509E-02   1.1628E+01   1.0026E-01   
7.3500E+01   6.0744E-01    5.3080E-04   7.2631E-06    6.1962E+00   8.4785E-02   1.0947E+01   9.2830E-02   
7.4500E+01   6.1570E-01    4.7346E-04   6.9979E-06    5.5269E+00   8.1689E-02   1.0210E+01   9.0650E-02   
7.5500E+01   6.2397E-01    4.1466E-04   6.9107E-06    4.8405E+00   8.0671E-02   9.4417E+00   9.1093E-02   
7.6500E+01   6.3223E-01    3.5687E-04   6.8288E-06    4.1659E+00   7.9715E-02   8.6718E+00   9.2036E-02   
7.7500E+01   6.4050E-01    3.0137E-04   6.5914E-06    3.5180E+00   7.6944E-02   7.9136E+00   9.1394E-02   
7.8500E+01   6.4876E-01    2.4993E-04   6.2832E-06    2.9175E+00   7.3346E-02   7.1882E+00   9.0293E-02   
7.9500E+01   6.5702E-01    2.0237E-04   6.0530E-06    2.3623E+00   7.0659E-02   6.4897E+00   9.1081E-02   
8.0500E+01   6.6529E-01    1.6012E-04   5.8818E-06    1.8691E+00   6.8660E-02   5.8363E+00   9.3816E-02   
8.1500E+01   6.7355E-01    1.2538E-04   5.5233E-06    1.4636E+00   6.4476E-02   5.2639E+00   9.4397E-02   
8.2500E+01   6.8182E-01    9.9701E-05   4.9646E-06    1.1638E+00   5.7954E-02   4.8098E+00   9.1206E-02   
8.3500E+01   6.9008E-01    8.1575E-05   4.3755E-06    9.5225E-01   5.1077E-02   4.4656E+00   8.6136E-02   
8.4500E+01   6.9835E-01    7.1230E-05   3.9649E-06    8.3149E-01   4.6284E-02   4.2570E+00   8.2035E-02   
8.5500E+01   7.0661E-01    6.6833E-05   3.8298E-06    7.8017E-01   4.4707E-02   4.1650E+00   8.1181E-02   
8.6500E+01   7.1488E-01    6.7592E-05   3.7445E-06    7.8903E-01   4.3711E-02   4.1811E+00   7.9029E-02   
8.7500E+01   7.2314E-01    7.2866E-05   3.6962E-06    8.5059E-01   4.3147E-02   4.2907E+00   7.5824E-02   
8.8500E+01   7.3140E-01    8.1718E-05   3.6642E-06    9.5392E-01   4.2774E-02   4.4684E+00   7.2082E-02   
8.9500E+01   7.3967E-01    9.4043E-05   3.7742E-06    1.0978E+00   4.4058E-02   4.7048E+00   7.0700E-02   
9.0500E+01   7.4793E-01    1.1062E-04   4.0787E-06    1.2913E+00   4.7612E-02   5.0069E+00   7.2445E-02   
9.1500E+01   7.5620E-01    1.3268E-04   4.4303E-06    1.5488E+00   5.1717E-02   5.3876E+00   7.4457E-02   
9.2500E+01   7.6446E-01    1.6359E-04   4.7041E-06    1.9096E+00   5.4913E-02   5.8915E+00   7.4606E-02   
9.3500E+01   7.7273E-01    2.0457E-04   4.7800E-06    2.3880E+00   5.5799E-02   6.5228E+00   7.1744E-02   
9.4500E+01   7.8099E-01    2.5360E-04   4.7686E-06    2.9604E+00   5.5666E-02   7.2408E+00   6.8324E-02   
9.5500E+01   7.8926E-01    3.0601E-04   4.7038E-06    3.5722E+00   5.4909E-02   7.9779E+00   6.5043E-02   
9.6500E+01   7.9752E-01    3.5720E-04   4.5217E-06    4.1697E+00   5.2783E-02   8.6763E+00   6.0932E-02   
9.7500E+01   8.0579E-01    4.0097E-04   4.1507E-06    4.6807E+00   4.8453E-02   9.2608E+00   5.4972E-02   
9.8500E+01   8.1405E-01    4.3231E-04   3.7763E-06    5.0465E+00   4.4082E-02   9.6737E+00   4.9494E-02   
9.9500E+01   8.2231E-01    4.4738E-04   3.6361E-06    5.2224E+00   4.2446E-02   9.8707E+00   4.7441E-02   
1.0050E+02   8.3058E-01    4.4410E-04   3.5415E-06    5.1841E+00   4.1341E-02   9.8279E+00   4.6252E-02   
1.0150E+02   8.3884E-01    4.2455E-04   3.4195E-06    4.9559E+00   3.9917E-02   9.5718E+00   4.4928E-02   
1.0250E+02   8.4711E-01    3.9343E-04   3.4994E-06    4.5927E+00   4.0850E-02   9.1608E+00   4.6473E-02   
1.0350E+02   8.5537E-01    3.5759E-04   3.7712E-06    4.1743E+00   4.4023E-02   8.6815E+00   5.0810E-02   
1.0450E+02   8.6364E-01    3.2115E-04   3.9922E-06    3.7489E+00   4.6602E-02   8.1863E+00   5.4742E-02   
1.0550E+02   8.7190E-01    2.8803E-04   3.9712E-06    3.3623E+00   4.6357E-02   7.7279E+00   5.5517E-02   
1.0650E+02   8.8017E-01    2.5928E-04   3.7200E-06    3.0267E+00   4.3425E-02   7.3220E+00   5.3064E-02   
1.0750E+02   8.8843E-01    2.3384E-04   3.4040E-06    2.7297E+00   3.9736E-02   6.9554E+00   4.9598E-02   
1.0850E+02   8.9669E-01    2.1070E-04   3.2035E-06    2.4596E+00   3.7396E-02   6.6145E+00   4.7757E-02   
1.0950E+02   9.0496E-01    1.8997E-04   3.0447E-06    2.2176E+00   3.5542E-02   6.3018E+00   4.6504E-02   
1.1050E+02   9.1322E-01    1.7182E-04   2.8399E-06    2.0057E+00   3.3151E-02   6.0212E+00   4.4470E-02   
1.1150E+02   9.2149E-01    1.5592E-04   2.5533E-06    1.8201E+00   2.9806E-02   5.7691E+00   4.1012E-02   
1.1250E+02   9.2975E-01    1.4218E-04   2.3831E-06    1.6597E+00   2.7819E-02   5.5456E+00   3.9263E-02   
1.1350E+02   9.3802E-01    1.3007E-04   2.4217E-06    1.5184E+00   2.8269E-02   5.3436E+00   4.0935E-02   
1.1450E+02   9.4628E-01    1.1937E-04   2.4396E-06    1.3934E+00   2.8478E-02   5.1604E+00   4.2313E-02   
1.1550E+02   9.5455E-01    1.1002E-04   2.4787E-06    1.2843E+00   2.8935E-02   4.9962E+00   4.4098E-02   
1.1650E+02   9.6281E-01    1.0168E-04   2.5045E-06    1.1869E+00   2.9236E-02   4.8460E+00   4.5706E-02   
1.1750E+02   9.7107E-01    9.4182E-05   2.4780E-06    1.0994E+00   2.8927E-02   4.7074E+00   4.6392E-02   
1.1850E+02   9.7934E-01    8.7222E-05   2.4947E-06    1.0182E+00   2.9122E-02   4.5754E+00   4.7953E-02   
1.1950E+02   9.8760E-01    8.0672E-05   2.5630E-06    9.4171E-01   2.9919E-02   4.4478E+00   5.0647E-02   
1.2050E+02   9.9587E-01    7.5293E-05   2.4976E-06    8.7892E-01   2.9155E-02   4.3402E+00   5.0610E-02   
1.2150E+02   1.0041E+00    7.0304E-05   2.3641E-06    8.2068E-01   2.7597E-02   4.2378E+00   4.9145E-02   
1.2250E+02   1.0124E+00    6.5449E-05   2.2159E-06    7.6401E-01   2.5867E-02   4.1356E+00   4.7340E-02   
1.2350E+02   1.0207E+00    6.0773E-05   2.2306E-06    7.0943E-01   2.6039E-02   4.0342E+00   4.9057E-02   
1.2450E+02   1.0289E+00    5.6636E-05   2.3766E-06    6.6113E-01   2.7743E-02   3.9420E+00   5.3766E-02   
1.2550E+02   1.0372E+00    5.3061E-05   2.4100E-06    6.1940E-01   2.8133E-02   3.8601E+00   5.5996E-02   
1.2650E+02   1.0455E+00    5.0684E-05   2.3155E-06    5.9165E-01   2.7030E-02   3.8043E+00   5.4835E-02   
1.2750E+02   1.0537E+00    4.9099E-05   2.1917E-06    5.7315E-01   2.5585E-02   3.7665E+00   5.2600E-02   
1.2850E+02   1.0620E+00    4.8046E-05   2.1428E-06    5.6086E-01   2.5014E-02   3.7412E+00   5.1900E-02   
1.2950E+02   1.0702E+00    4.7322E-05   2.1507E-06    5.5241E-01   2.5106E-02   3.7236E+00   5.2430E-02   
1.3050E+02   1.0785E+00    4.6938E-05   2.1755E-06    5.4792E-01   2.5395E-02   3.7142E+00   5.3220E-02   
1.3150E+02   1.0868E+00    4.6283E-05   2.1631E-06    5.4028E-01   2.5251E-02   3.6981E+00   5.3236E-02   
1.3250E+02   1.0950E+00    4.5446E-05   2.1726E-06    5.3051E-01   2.5362E-02   3.6775E+00   5.3892E-02   
1.3350E+02   1.1033E+00    4.4549E-05   2.2165E-06    5.2004E-01   2.5874E-02   3.6551E+00   5.5459E-02   
1.3450E+02   1.1116E+00    4.3752E-05   2.2607E-06    5.1073E-01   2.6390E-02   3.6351E+00   5.7012E-02   
1.3550E+02   1.1198E+00    4.3342E-05   2.2551E-06    5.0595E-01   2.6325E-02   3.6248E+00   5.7105E-02   
1.3650E+02   1.1281E+00    4.2302E-05   2.3009E-06    4.9381E-01   2.6859E-02   3.5983E+00   5.8890E-02   
1.3750E+02   1.1364E+00    4.0506E-05   2.3759E-06    4.7284E-01   2.7735E-02   3.5519E+00   6.1992E-02   
1.3850E+02   1.1446E+00    3.7862E-05   2.3374E-06    4.4198E-01   2.7285E-02   3.4819E+00   6.2866E-02   
1.3950E+02   1.1529E+00    3.5224E-05   2.1604E-06    4.1118E-01   2.5219E-02   3.4098E+00   6.0053E-02   
1.4050E+02   1.1612E+00    3.2830E-05   2.0823E-06    3.8324E-01   2.4307E-02   3.3422E+00   5.9809E-02   
1.4150E+02   1.1694E+00    3.1400E-05   2.0977E-06    3.6654E-01   2.4487E-02   3.3007E+00   6.1531E-02   
1.4250E+02   1.1777E+00    3.1034E-05   2.0537E-06    3.6227E-01   2.3974E-02   3.2900E+00   6.0576E-02   
1.4350E+02   1.1860E+00    3.1391E-05   1.9665E-06    3.6644E-01   2.2956E-02   3.3005E+00   5.7687E-02   
1.4450E+02   1.1942E+00    3.2256E-05   1.9429E-06    3.7654E-01   2.2680E-02   3.3257E+00   5.6266E-02   
1.4550E+02   1.2025E+00    3.2894E-05   1.9535E-06    3.8398E-01   2.2804E-02   3.3441E+00   5.6054E-02   
1.4650E+02   1.2107E+00    3.2636E-05   2.0215E-06    3.8097E-01   2.3598E-02   3.3366E+00   5.8222E-02   
1.4750E+02   1.2190E+00    3.1384E-05   2.0900E-06    3.6636E-01   2.4397E-02   3.3003E+00   6.1320E-02   
1.4850E+02   1.2273E+00    3.0576E-05   2.0582E-06    3.5692E-01   2.4026E-02   3.2764E+00   6.1140E-02   
1.4950E+02   1.2355E+00    3.1115E-05   1.9515E-06    3.6322E-01   2.2781E-02   3.2924E+00   5.7487E-02   
1.5050E+02   1.2438E+00    3.3152E-05   1.8632E-06    3.8700E-01   2.1750E-02   3.3514E+00   5.3265E-02   
1.5150E+02   1.2521E+00    3.6108E-05   1.8868E-06    4.2150E-01   2.2025E-02   3.4342E+00   5.1847E-02   
1.5250E+02   1.2603E+00    3.8891E-05   1.9945E-06    4.5399E-01   2.3283E-02   3.5094E+00   5.2990E-02   
1.5350E+02   1.2686E+00    4.0808E-05   2.0900E-06    4.7637E-01   2.4397E-02   3.5598E+00   5.4347E-02   
1.5450E+02   1.2769E+00    4.2292E-05   2.0801E-06    4.9369E-01   2.4282E-02   3.5980E+00   5.3241E-02   
1.5550E+02   1.2851E+00    4.3073E-05   1.9941E-06    5.0281E-01   2.3278E-02   3.6179E+00   5.0630E-02   
1.5650E+02   1.2934E+00    4.2957E-05   1.9637E-06    5.0145E-01   2.2923E-02   3.6150E+00   4.9917E-02   
1.5750E+02   1.3017E+00    4.2326E-05   1.9765E-06    4.9409E-01   2.3072E-02   3.5989E+00   5.0570E-02   
1.5850E+02   1.3099E+00    4.1723E-05   1.9551E-06    4.8705E-01   2.2823E-02   3.5834E+00   5.0340E-02   
1.5950E+02   1.3182E+00    4.1270E-05   1.9296E-06    4.8176E-01   2.2525E-02   3.5717E+00   4.9923E-02   
1.6050E+02   1.3264E+00    4.1503E-05   1.9804E-06    4.8448E-01   2.3118E-02   3.5778E+00   5.1111E-02   
1.6150E+02   1.3347E+00    4.1504E-05   2.0244E-06    4.8449E-01   2.3632E-02   3.5778E+00   5.2247E-02   
1.6250E+02   1.3430E+00    4.1017E-05   1.9734E-06    4.7881E-01   2.3036E-02   3.5652E+00   5.1197E-02   
1.6350E+02   1.3512E+00    3.9883E-05   1.9406E-06    4.6557E-01   2.2653E-02   3.5356E+00   5.0978E-02   
1.6450E+02   1.3595E+00    3.8858E-05   1.9023E-06    4.5360E-01   2.2206E-02   3.5085E+00   5.0559E-02   
1.6550E+02   1.3678E+00    3.8164E-05   1.8769E-06    4.4550E-01   2.1910E-02   3.4900E+00   5.0290E-02   
1.6650E+02   1.3760E+00    3.7706E-05   1.9101E-06    4.4016E-01   2.2297E-02   3.4777E+00   5.1461E-02   
1.6750E+02   1.3843E+00    3.6917E-05   1.9320E-06    4.3095E-01   2.2553E-02   3.4563E+00   5.2555E-02   
1.6850E+02   1.3926E+00    3.5560E-05   1.8732E-06    4.1510E-01   2.1867E-02   3.4191E+00   5.1836E-02   
1.6950E+02   1.4008E+00    3.4098E-05   1.8644E-06    3.9804E-01   2.1764E-02   3.3783E+00   5.2605E-02   
1.7050E+02   1.4091E+00    3.2463E-05   1.8886E-06    3.7895E-01   2.2046E-02   3.3317E+00   5.4527E-02   
1.7150E+02   1.4174E+00    3.1231E-05   1.9478E-06    3.6457E-01   2.2737E-02   3.2958E+00   5.7276E-02   
1.7250E+02   1.4256E+00    3.0270E-05   1.9434E-06    3.5335E-01   2.2686E-02   3.2673E+00   5.8005E-02   
1.7350E+02   1.4339E+00    2.9523E-05   1.8634E-06    3.4463E-01   2.1752E-02   3.2449E+00   5.6285E-02   
1.7450E+02   1.4421E+00    2.8235E-05   1.8350E-06    3.2960E-01   2.1421E-02   3.2056E+00   5.6634E-02   
1.7550E+02   1.4504E+00    2.6559E-05   1.9112E-06    3.1003E-01   2.2310E-02   3.1531E+00   6.0782E-02   
1.7650E+02   1.4587E+00    2.4504E-05   1.9857E-06    2.8604E-01   2.3180E-02   3.0865E+00   6.5734E-02   
1.7750E+02   1.4669E+00    2.2660E-05   1.9309E-06    2.6452E-01   2.2540E-02   3.0244E+00   6.6494E-02   
1.7850E+02   1.4752E+00    2.1009E-05   1.7622E-06    2.4525E-01   2.0571E-02   2.9665E+00   6.3074E-02   
1.7950E+02   1.4835E+00    1.9834E-05   1.6717E-06    2.3153E-01   1.9514E-02   2.9238E+00   6.1644E-02   
1.8050E+02   1.4917E+00    1.9191E-05   1.7303E-06    2.2402E-01   2.0198E-02   2.8999E+00   6.4922E-02   
1.8150E+02   1.5000E+00    1.8793E-05   1.8454E-06    2.1938E-01   2.1542E-02   2.8849E+00   7.0021E-02   
1.8250E+02   1.5083E+00    1.9004E-05   1.8749E-06    2.2184E-01   2.1886E-02   2.8929E+00   7.0726E-02   
1.8350E+02   1.5165E+00    1.9447E-05   1.8323E-06    2.2701E-01   2.1389E-02   2.9095E+00   6.8282E-02   
1.8450E+02   1.5248E+00    1.9617E-05   1.8085E-06    2.2900E-01   2.1111E-02   2.9158E+00   6.7086E-02   
1.8550E+02   1.5331E+00    1.9059E-05   1.8258E-06    2.2248E-01   2.1313E-02   2.8950E+00   6.8764E-02   
1.8650E+02   1.5413E+00    1.8386E-05   1.8443E-06    2.1463E-01   2.1529E-02   2.8694E+00   7.0795E-02   
1.8750E+02   1.5496E+00    1.7935E-05   1.8481E-06    2.0936E-01   2.1574E-02   2.8520E+00   7.1885E-02   
1.8850E+02   1.5579E+00    1.7584E-05   1.8389E-06    2.0526E-01   2.1466E-02   2.8383E+00   7.2284E-02   
1.8950E+02   1.5661E+00    1.6871E-05   1.8006E-06    1.9694E-01   2.1019E-02   2.8100E+00   7.2365E-02   
1.9050E+02   1.5744E+00    1.5513E-05   1.7750E-06    1.8109E-01   2.0720E-02   2.7543E+00   7.4658E-02   
1.9150E+02   1.5826E+00    1.4124E-05   1.8379E-06    1.6487E-01   2.1454E-02   2.6945E+00   8.1425E-02   
1.9250E+02   1.5909E+00    1.3152E-05   1.8819E-06    1.5353E-01   2.1968E-02   2.6507E+00   8.6786E-02   
1.9350E+02   1.5992E+00    1.3110E-05   1.7998E-06    1.5304E-01   2.1010E-02   2.6488E+00   8.3126E-02   
1.9450E+02   1.6074E+00    1.3924E-05   1.6144E-06    1.6254E-01   1.8845E-02   2.6857E+00   7.2048E-02   
1.9550E+02   1.6157E+00    1.4743E-05   1.5552E-06    1.7210E-01   1.8154E-02   2.7216E+00   6.7234E-02   
1.9650E+02   1.6240E+00    1.4931E-05   1.6032E-06    1.7430E-01   1.8715E-02   2.7296E+00   6.8834E-02   
1.9750E+02   1.6322E+00    1.4701E-05   1.6774E-06    1.7161E-01   1.9581E-02   2.7197E+00   7.2651E-02   
1.9850E+02   1.6405E+00    1.3990E-05   1.7857E-06    1.6331E-01   2.0845E-02   2.6886E+00   7.9521E-02   
1.9950E+02   1.6488E+00    1.3227E-05   1.8094E-06    1.5440E-01   2.1122E-02   2.6542E+00   8.3155E-02   
2.0050E+02   1.6570E+00    1.2728E-05   1.7592E-06    1.4858E-01   2.0536E-02   2.6311E+00   8.2609E-02   
2.0150E+02   1.6653E+00    1.2803E-05   1.7251E-06    1.4945E-01   2.0138E-02   2.6346E+00   8.0729E-02   
2.0250E+02   1.6736E+00    1.3439E-05   1.6909E-06    1.5688E-01   1.9738E-02   2.6638E+00   7.6989E-02   
2.0350E+02   1.6818E+00    1.4233E-05   1.6795E-06    1.6615E-01   1.9605E-02   2.6993E+00   7.4057E-02   
2.0450E+02   1.6901E+00    1.4055E-05   1.7408E-06    1.6407E-01   2.0321E-02   2.6915E+00   7.7312E-02   
2.0550E+02   1.6983E+00    1.2867E-05   1.7496E-06    1.5020E-01   2.0424E-02   2.6376E+00   8.1652E-02   
2.0650E+02   1.7066E+00    1.0499E-05   1.6617E-06    1.2256E-01   1.9398E-02   2.5210E+00   8.7139E-02   
2.0750E+02   1.7149E+00    8.2132E-06   1.6104E-06    9.5876E-02   1.8799E-02   2.3931E+00   9.7740E-02   
2.0850E+02   1.7231E+00    6.8372E-06   1.6268E-06    7.9813E-02   1.8990E-02   2.3055E+00   1.1062E-01   
2.0950E+02   1.7314E+00    6.2757E-06   1.6579E-06    7.3259E-02   1.9353E-02   2.2668E+00   1.1910E-01   
2.1050E+02   1.7397E+00    6.7056E-06   1.6469E-06    7.8277E-02   1.9225E-02   2.2966E+00   1.1340E-01   
2.1150E+02   1.7479E+00    7.5921E-06   1.6247E-06    8.8625E-02   1.8966E-02   2.3548E+00   1.0349E-01   
2.1250E+02   1.7562E+00    8.3797E-06   1.6296E-06    9.7819E-02   1.9023E-02   2.4031E+00   9.7722E-02   
2.1350E+02   1.7645E+00    8.8558E-06   1.6178E-06    1.0338E-01   1.8885E-02   2.4310E+00   9.3820E-02   
2.1450E+02   1.7727E+00    8.5786E-06   1.5953E-06    1.0014E-01   1.8623E-02   2.4148E+00   9.4290E-02   
2.1550E+02   1.7810E+00    7.7692E-06   1.5935E-06    9.0693E-02   1.8602E-02   2.3659E+00   1.0004E-01   
2.1650E+02   1.7893E+00    7.0390E-06   1.6185E-06    8.2169E-02   1.8893E-02   2.3190E+00   1.0806E-01   
2.1750E+02   1.7975E+00    6.5468E-06   1.6345E-06    7.6423E-02   1.9080E-02   2.2857E+00   1.1425E-01   
2.1850E+02   1.8058E+00    6.7418E-06   1.6578E-06    7.8700E-02   1.9352E-02   2.2991E+00   1.1378E-01   
2.1950E+02   1.8140E+00    7.0569E-06   1.6791E-06    8.2378E-02   1.9601E-02   2.3202E+00   1.1201E-01   
2.2050E+02   1.8223E+00    7.7332E-06   1.7056E-06    9.0272E-02   1.9910E-02   2.3636E+00   1.0751E-01   
2.2150E+02   1.8306E+00    8.4283E-06   1.7501E-06    9.8387E-02   2.0430E-02   2.4059E+00   1.0469E-01   
2.2250E+02   1.8388E+00    9.0955E-06   1.7570E-06    1.0618E-01   2.0510E-02   2.4447E+00   1.0037E-01   
2.2350E+02   1.8471E+00    9.0618E-06   1.7048E-06    1.0578E-01   1.9901E-02   2.4428E+00   9.7570E-02   
2.2450E+02   1.8554E+00    8.1606E-06   1.6160E-06    9.5262E-02   1.8864E-02   2.3899E+00   9.8470E-02   
2.2550E+02   1.8636E+00    6.5745E-06   1.6012E-06    7.6747E-02   1.8691E-02   2.2876E+00   1.1157E-01   
2.2650E+02   1.8719E+00    4.9852E-06   1.6483E-06    5.8194E-02   1.9241E-02   2.1686E+00   1.3773E-01   
2.2750E+02   1.8802E+00    4.0289E-06   1.6779E-06    4.7031E-02   1.9587E-02   2.0851E+00   1.6279E-01   
2.2850E+02   1.8884E+00    3.7713E-06   1.6495E-06    4.4024E-02   1.9255E-02   2.0604E+00   1.6770E-01   
2.2950E+02   1.8967E+00    3.8616E-06   1.5654E-06    4.5078E-02   1.8273E-02   2.0692E+00   1.5579E-01   
2.3050E+02   1.9050E+00    3.6212E-06   1.5141E-06    4.2272E-02   1.7675E-02   2.0455E+00   1.5748E-01   
2.3150E+02   1.9132E+00    3.5802E-06   1.5183E-06    4.1793E-02   1.7724E-02   2.0414E+00   1.5927E-01   
2.3250E+02   1.9215E+00    3.6346E-06   1.5475E-06    4.2428E-02   1.8065E-02   2.0469E+00   1.6080E-01   
2.3350E+02   1.9298E+00    3.5292E-06   1.5614E-06    4.1198E-02   1.8227E-02   2.0362E+00   1.6592E-01   
2.3450E+02   1.9380E+00    2.5299E-06   1.5686E-06    2.9532E-02   1.8311E-02   1.9229E+00   2.1833E-01   
2.3550E+02   1.9463E+00    1.2063E-06   1.5488E-06    1.4082E-02   1.8080E-02   1.7109E+00   2.3987E-01   
2.3650E+02   1.9545E+00   -9.9267E-08   1.5134E-06   -1.1588E-03   1.7666E-02          NAN          NAN   
2.3750E+02   1.9628E+00   -2.7251E-07   1.4936E-06   -3.1811E-03   1.7435E-02          NAN          NAN   
2.3850E+02   1.9711E+00    4.7508E-07   1.5100E-06    5.5458E-03   1.7627E-02   1.5022E+00   3.4573E-01   
2.3950E+02   1.9793E+00    1.4663E-06   1.5486E-06    1.7117E-02   1.8077E-02   1.7621E+00   2.1891E-01   
2.4050E+02   1.9876E+00    2.2929E-06   1.5927E-06    2.6766E-02   1.8592E-02   1.8918E+00   2.4445E-01   
2.4150E+02   1.9959E+00    2.4545E-06   1.6235E-06    2.8652E-02   1.8952E-02   1.9132E+00   2.3439E-01   
2.4250E+02   2.0041E+00    2.2130E-06   1.5994E-06    2.5833E-02   1.8670E-02   1.8808E+00   2.5506E-01   
2.4350E+02   2.0124E+00    1.3922E-06   1.5577E-06    1.6252E-02   1.8184E-02   1.7482E+00   2.2541E-01   
2.4450E+02   2.0207E+00    3.7408E-07   1.5425E-06    4.3668E-03   1.8006E-02   1.4566E+00   3.8094E-01   
2.4550E+02   2.0289E+00   -1.1466E-06   1.5538E-06   -1.3385E-02   1.8138E-02          NAN          NAN   
2.4650E+02   2.0372E+00   -1.9526E-06   1.5555E-06   -2.2793E-02   1.8158E-02          NAN          NAN   
2.4750E+02   2.0455E+00   -2.4554E-06   1.5482E-06   -2.8663E-02   1.8073E-02          NAN          NAN   
2.4850E+02   2.0537E+00   -1.9245E-06   1.5189E-06   -2.2465E-02   1.7731E-02          NAN          NAN   
2.4950E+02   2.0620E+00   -8.4394E-07   1.5297E-06   -9.8516E-03   1.7857E-02          NAN          NAN   
2.5050E+02   2.0702E+00    4.7167E-07   1.5130E-06    5.5060E-03   1.7662E-02   1.5008E+00   3.4709E-01   
2.5150E+02   2.0785E+00    1.5108E-06   1.4946E-06    1.7636E-02   1.7447E-02   1.7702E+00   4.6925E-01   
2.5250E+02   2.0868E+00    1.7513E-06   1.5217E-06    2.0444E-02   1.7763E-02   1.8115E+00   3.1890E-01   
2.5350E+02   2.0950E+00    1.4640E-06   1.5072E-06    1.7090E-02   1.7594E-02   1.7617E+00   2.1436E-01   
2.5450E+02   2.1033E+00    1.0684E-06   1.4459E-06    1.2472E-02   1.6879E-02   1.6805E+00   2.4046E-01   
2.5550E+02   2.1116E+00    9.5803E-07   1.3952E-06    1.1183E-02   1.6287E-02   1.6541E+00   2.4585E-01   
2.5650E+02   2.1198E+00    1.5383E-06   1.4099E-06    1.7957E-02   1.6458E-02   1.7752E+00   3.4545E-01   
2.5750E+02   2.1281E+00    1.8938E-06   1.4671E-06    2.2107E-02   1.7126E-02   1.8341E+00   2.6869E-01   
2.5850E+02   2.1364E+00    1.6062E-06   1.5038E-06    1.8750E-02   1.7554E-02   1.7871E+00   3.7040E-01   
2.5950E+02   2.1446E+00    8.9630E-07   1.4705E-06    1.0463E-02   1.7166E-02   1.6384E+00   2.6338E-01   
2.6050E+02   2.1529E+00    7.3523E-07   1.4694E-06    8.5826E-03   1.7153E-02   1.5933E+00   2.8635E-01   
2.6150E+02   2.1612E+00    1.5388E-06   1.4699E-06    1.7963E-02   1.7159E-02   1.7752E+00   3.9063E-01   
2.6250E+02   2.1694E+00    2.8643E-06   1.4639E-06    3.3436E-02   1.7089E-02   1.9637E+00   1.8135E-01   
2.6350E+02   2.1777E+00    3.6402E-06   1.4544E-06    4.2493E-02   1.6978E-02   2.0474E+00   1.5025E-01   
2.6450E+02   2.1860E+00    3.1736E-06   1.4150E-06    3.7047E-02   1.6518E-02   1.9987E+00   1.6134E-01   
2.6550E+02   2.1942E+00    1.8267E-06   1.4259E-06    2.1324E-02   1.6645E-02   1.8236E+00   2.6886E-01   
2.6650E+02   2.2025E+00    4.6673E-07   1.4778E-06    5.4483E-03   1.7251E-02   1.4987E+00   3.4310E-01   
2.6750E+02   2.2107E+00   -7.1197E-07   1.4791E-06   -8.3111E-03   1.7266E-02          NAN          NAN   
2.6850E+02   2.2190E+00   -1.2976E-06   1.4740E-06   -1.5147E-02   1.7207E-02          NAN          NAN   
2.6950E+02   2.2273E+00   -1.6504E-06   1.4885E-06   -1.9266E-02   1.7376E-02          NAN          NAN   
2.7050E+02   2.2355E+00   -1.7128E-06   1.4824E-06   -1.9994E-02   1.7305E-02          NAN          NAN   
2.7150E+02   2.2438E+00   -1.6295E-06   1.4245E-06   -1.9022E-02   1.6629E-02          NAN          NAN   
2.7250E+02   2.2521E+00   -1.1649E-06   1.3687E-06   -1.3598E-02   1.5977E-02          NAN          NAN   
2.7350E+02   2.2603E+00   -6.8565E-07   1.3783E-06   -8.0038E-03   1.6089E-02          NAN          NAN   
2.7450E+02   2.2686E+00   -5.5178E-07   1.4240E-06   -6.4411E-03   1.6623E-02          NAN          NAN   
2.7550E+02   2.2769E+00   -5.2204E-07   1.4734E-06   -6.0940E-03   1.7200E-02          NAN          NAN   
2.7650E+02   2.2851E+00   -9.7399E-07   1.4883E-06   -1.1370E-02   1.7373E-02          NAN          NAN   
2.7750E+02   2.2934E+00   -1.4827E-06   1.4775E-06   -1.7308E-02   1.7247E-02          NAN          NAN   
2.7850E+02   2.3017E+00   -1.8164E-06   1.4826E-06   -2.1204E-02   1.7307E-02          NAN          NAN   
2.7950E+02   2.3099E+00   -1.9362E-06   1.4960E-06   -2.2602E-02   1.7463E-02          NAN          NAN   
2.8050E+02   2.3182E+00   -1.9737E-06   1.4672E-06   -2.3040E-02   1.7127E-02          NAN          NAN   
2.8150E+02   2.3264E+00   -1.7377E-06   1.4276E-06   -2.0285E-02   1.6665E-02          NAN          NAN   
2.8250E+02   2.3347E+00   -1.1976E-06   1.4209E-06   -1.3980E-02   1.6587E-02          NAN          NAN   
2.8350E+02   2.3430E+00   -3.1924E-07   1.4160E-06   -3.7266E-03   1.6529E-02          NAN          NAN   
2.8450E+02   2.3512E+00    1.0940E-06   1.3827E-06    1.2771E-02   1.6141E-02   1.6863E+00   2.2980E-01   
2.8550E+02   2.3595E+00    2.3462E-06   1.3692E-06    2.7388E-02   1.5983E-02   1.8990E+00   1.9808E-01   
2.8650E+02   2.3678E+00    2.3156E-06   1.3625E-06    2.7031E-02   1.5905E-02   1.8949E+00   1.9919E-01   
2.8750E+02   2.3760E+00    9.9173E-07   1.3606E-06    1.1577E-02   1.5883E-02   1.6624E+00   2.3745E-01   
2.8850E+02   2.3843E+00   -2.7773E-07   1.4038E-06   -3.2420E-03   1.6387E-02          NAN          NAN   
2.8950E+02   2.3926E+00   -7.3685E-07   1.4487E-06   -8.6015E-03   1.6911E-02          NAN          NAN   
2.9050E+02   2.4008E+00   -2.8450E-07   1.4858E-06   -3.3211E-03   1.7344E-02          NAN          NAN   
2.9150E+02   2.4091E+00    1.0420E-09   1.5021E-06    1.2164E-05   1.7535E-02   8.3372E-01   9.3512E-01   
2.9250E+02   2.4174E+00   -1.9623E-08   1.4560E-06   -2.2907E-04   1.6996E-02          NAN          NAN   
2.9350E+02   2.4256E+00   -7.4934E-07   1.4008E-06   -8.7473E-03   1.6352E-02          NAN          NAN   
2.9450E+02   2.4339E+00   -1.0532E-06   1.4091E-06   -1.2294E-02   1.6449E-02          NAN          NAN   
2.9550E+02   2.4421E+00   -6.9879E-07   1.4272E-06   -8.1572E-03   1.6660E-02          NAN          NAN   
2.9650E+02   2.4504E+00   -5.4919E-08   1.4325E-06   -6.4109E-04   1.6722E-02          NAN          NAN   
2.9750E+02   2.4587E+00    5.1202E-07   1.4232E-06    5.9770E-03   1.6614E-02   1.5171E+00   3.2333E-01   
2.9850E+02   2.4669E+00    5.0106E-07   1.3738E-06    5.8491E-03   1.6037E-02   1.5128E+00   3.1837E-01   
2.9950E+02   2.4752E+00    4.5748E-07   1.3412E-06    5.3403E-03   1.5656E-02   1.4948E+00   3.2427E-01   
